0.0 0.9812 0.8872 0.2295 0.0439 0.0430 -69.9998
9.0 0.9791 0.7563 0.1743 0.0518 0.0498 20.0000
9.0 0.9789 0.5200 0.8350 0.0518 0.0488 20.0000
9.0 0.9731 0.7222 0.8711 0.0518 0.0488 20.0000
9.0 0.9728 0.9199 0.2485 0.0527 0.0498 19.9998
0.0 0.9711 0.4390 0.2891 0.0420 0.0430 -69.9996
1.0 0.9700 0.5840 0.5312 0.0352 0.0352 -60.0055
1.0 0.9695 0.2476 0.7212 0.0361 0.0361 -60.0084
9.0 0.9601 0.2266 0.6523 0.0508 0.0488 19.9998
9.0 0.9498 0.5244 0.2388 0.0508 0.0498 20.0000
6.0 0.9459 0.8979 0.4375 0.0283 0.0273 -9.9695
2.0 0.9452 0.8628 0.7070 0.0264 0.0273 -50.0152
2.0 0.9439 0.8452 0.3525 0.0264 0.0273 -50.0513
7.0 0.9420 0.7817 0.4751 0.0283 0.0283 -0.1028
2.0 0.9397 0.9258 0.3662 0.0273 0.0273 -50.0003
3.0 0.9382 0.5889 0.6323 0.0195 0.0205 -40.0534
5.0 0.9352 0.3628 0.3066 0.0186 0.0176 -19.8453
2.0 0.9320 0.3818 0.4307 0.0273 0.0273 -50.0011
3.0 0.9305 0.7544 0.6284 0.0186 0.0205 -40.1382
8.0 0.9295 0.5205 0.4712 0.0352 0.0361 9.9722
7.0 0.9292 0.7153 0.2505 0.0283 0.0283 -0.1838
5.0 0.9208 0.4551 0.5239 0.0176 0.0186 -19.5850
3.0 0.9149 0.2944 0.2764 0.0186 0.0195 -40.1914
2.0 0.9092 0.4736 0.7500 0.0273 0.0273 -50.0045
8.0 0.9087 0.0938 0.5073 0.0352 0.0342 9.4794
3.0 0.9026 0.5366 0.2832 0.0186 0.0195 -40.0463
3.0 0.8960 0.6763 0.3384 0.0205 0.0205 -40.0096
5.0 0.8867 0.5698 0.3281 0.0186 0.0176 -19.3923
7.0 0.8595 0.0942 0.5059 0.0342 0.0352 0.3858
4.0 0.8569 0.2651 0.0664 0.0146 0.0137 -30.2665
6.0 0.8483 0.4829 0.1963 0.0283 0.0273 -8.6166
4.0 0.8356 0.7949 0.2939 0.0137 0.0137 -30.4267
4.0 0.8222 0.5186 0.1050 0.0137 0.0127 -30.0856
4.0 0.8139 0.3926 0.8960 0.0137 0.0127 -30.2330
7.0 0.8107 0.1572 0.6582 0.0352 0.0352 1.4355
7.0 0.7982 0.7114 0.3682 0.0283 0.0273 -2.1094
4.0 0.7839 0.0859 0.8594 0.0137 0.0137 -31.1318
8.0 0.7819 0.1567 0.6582 0.0361 0.0352 7.6013
3.0 0.7459 0.9307 0.0732 0.0137 0.0137 -38.6911
3.0 0.7326 0.0859 0.8594 0.0137 0.0137 -37.5306
4.0 0.6795 0.9302 0.0732 0.0146 0.0137 -32.7961
7.0 0.6661 0.4829 0.1963 0.0283 0.0273 -3.7402
6.0 0.5676 0.7114 0.3677 0.0264 0.0283 -6.2617
