0.0 0.9812 908.50 235.00 45.00 44.00 -69.9998
9.0 0.9791 774.50 178.50 53.00 51.00 20.0000
9.0 0.9789 532.50 855.00 53.00 50.00 20.0000
9.0 0.9731 739.50 892.00 53.00 50.00 20.0000
9.0 0.9728 942.00 254.50 54.00 51.00 19.9998
0.0 0.9711 449.50 296.00 43.00 44.00 -69.9996
1.0 0.9700 598.00 544.00 36.00 36.00 -60.0055
1.0 0.9695 253.50 738.50 37.00 37.00 -60.0084
9.0 0.9601 232.00 668.00 52.00 50.00 19.9998
9.0 0.9498 537.00 244.50 52.00 51.00 20.0000
6.0 0.9459 919.50 448.00 29.00 28.00 -9.9695
2.0 0.9452 883.50 724.00 27.00 28.00 -50.0152
2.0 0.9439 865.50 361.00 27.00 28.00 -50.0513
7.0 0.9420 800.50 486.50 29.00 29.00 -0.1028
2.0 0.9397 948.00 375.00 28.00 28.00 -50.0003
3.0 0.9382 603.00 647.50 20.00 21.00 -40.0534
5.0 0.9352 371.50 314.00 19.00 18.00 -19.8453
2.0 0.9320 391.00 441.00 28.00 28.00 -50.0011
3.0 0.9305 772.50 643.50 19.00 21.00 -40.1382
8.0 0.9295 533.00 482.50 36.00 37.00 9.9722
7.0 0.9292 732.50 256.50 29.00 29.00 -0.1838
5.0 0.9208 466.00 536.50 18.00 19.00 -19.5850
3.0 0.9149 301.50 283.00 19.00 20.00 -40.1914
2.0 0.9092 485.00 768.00 28.00 28.00 -50.0045
8.0 0.9087 96.00 519.50 36.00 35.00 9.4794
3.0 0.9026 549.50 290.00 19.00 20.00 -40.0463
3.0 0.8960 692.50 346.50 21.00 21.00 -40.0096
5.0 0.8867 583.50 336.00 19.00 18.00 -19.3923
7.0 0.8595 96.50 518.00 35.00 36.00 0.3858
4.0 0.8569 271.50 68.00 15.00 14.00 -30.2665
6.0 0.8483 494.50 201.00 29.00 28.00 -8.6166
4.0 0.8356 814.00 301.00 14.00 14.00 -30.4267
4.0 0.8222 531.00 107.50 14.00 13.00 -30.0856
4.0 0.8139 402.00 917.50 14.00 13.00 -30.2330
7.0 0.8107 161.00 674.00 36.00 36.00 1.4355
7.0 0.7982 728.50 377.00 29.00 28.00 -2.1094
4.0 0.7839 88.00 880.00 14.00 14.00 -31.1318
8.0 0.7819 160.50 674.00 37.00 36.00 7.6013
3.0 0.7459 953.00 75.00 14.00 14.00 -38.6911
3.0 0.7326 88.00 880.00 14.00 14.00 -37.5306
4.0 0.6795 952.50 75.00 15.00 14.00 -32.7961
7.0 0.6661 494.50 201.00 29.00 28.00 -3.7402
6.0 0.5676 728.50 376.50 27.00 29.00 -6.2617
