9.0 0.9877 0.3687 0.2861 0.0498 0.0469 19.9989
9.0 0.9862 0.8447 0.4707 0.0508 0.0488 19.9992
9.0 0.9785 0.6235 0.2964 0.0518 0.0498 20.0000
0.0 0.9778 0.4321 0.8555 0.0439 0.0430 -69.9994
0.0 0.9778 0.0728 0.3438 0.0439 0.0430 -70.0000
8.0 0.9776 0.5322 0.2974 0.0430 0.0439 10.0006
1.0 0.9760 0.3037 0.3364 0.0352 0.0342 -60.0059
1.0 0.9751 0.6821 0.7012 0.0361 0.0352 -60.0004
1.0 0.9745 0.8501 0.9297 0.0361 0.0352 -60.0005
8.0 0.9744 0.9170 0.2461 0.0430 0.0430 10.2978
0.0 0.9744 0.0747 0.9395 0.0439 0.0430 -70.0000
0.0 0.9742 0.7017 0.2842 0.0439 0.0430 -69.9996
0.0 0.9741 0.0874 0.2266 0.0439 0.0430 -69.9992
8.0 0.9733 0.7529 0.9160 0.0430 0.0430 10.0101
9.0 0.9727 0.5586 0.0820 0.0527 0.0508 19.9979
1.0 0.9725 0.1021 0.5557 0.0361 0.0352 -60.0004
0.0 0.9723 0.8511 0.6611 0.0420 0.0430 -69.9996
1.0 0.9720 0.3779 0.7090 0.0352 0.0352 -60.0022
0.0 0.9714 0.6914 0.8223 0.0430 0.0430 -70.0000
0.0 0.9711 0.8960 0.3115 0.0420 0.0430 -69.9999
9.0 0.9709 0.3091 0.2500 0.0518 0.0488 20.0000
1.0 0.9706 0.1724 0.4702 0.0342 0.0342 -60.0022
9.0 0.9705 0.1216 0.1670 0.0518 0.0488 20.0000
0.0 0.9703 0.6660 0.1523 0.0430 0.0430 -70.0000
9.0 0.9698 0.1328 0.6816 0.0508 0.0488 20.0000
0.0 0.9692 0.5410 0.9131 0.0430 0.0430 -69.9995
1.0 0.9686 0.7056 0.3760 0.0361 0.0352 -60.0002
1.0 0.9659 0.8545 0.7720 0.0332 0.0303 -60.0221
1.0 0.9646 0.1968 0.2783 0.0342 0.0352 -60.0003
8.0 0.9617 0.5737 0.6665 0.0439 0.0439 10.0048
0.0 0.9615 0.3823 0.0586 0.0439 0.0430 -69.9995
0.0 0.9601 0.8496 0.2954 0.0410 0.0459 -69.9995
1.0 0.9598 0.1201 0.2358 0.0352 0.0361 -60.0457
7.0 0.9576 0.2651 0.7441 0.0361 0.0371 0.0767
8.0 0.9537 0.0674 0.8711 0.0352 0.0352 9.9341
8.0 0.9521 0.5205 0.4561 0.0352 0.0352 9.9548
7.0 0.9492 0.5537 0.5215 0.0273 0.0273 -0.0508
9.0 0.9483 0.2427 0.2212 0.0479 0.0498 20.0000
2.0 0.9413 0.3696 0.1846 0.0283 0.0273 -50.0004
2.0 0.9407 0.5791 0.7324 0.0273 0.0273 -50.0159
8.0 0.9393 0.8696 0.1221 0.0439 0.0430 10.5549
2.0 0.9391 0.1729 0.1035 0.0273 0.0254 -50.0026
2.0 0.9382 0.1382 0.2183 0.0283 0.0283 -50.0000
2.0 0.9375 0.9248 0.7705 0.0273 0.0273 -50.0063
2.0 0.9358 0.3711 0.8389 0.0273 0.0273 -50.0075
2.0 0.9348 0.4951 0.3232 0.0273 0.0273 -50.0117
1.0 0.9339 0.2109 0.2725 0.0352 0.0371 -60.1717
2.0 0.9279 0.7769 0.6431 0.0264 0.0264 -50.0144
3.0 0.9277 0.7432 0.7847 0.0176 0.0205 -40.1655
3.0 0.9275 0.5454 0.3945 0.0186 0.0215 -40.0816
8.0 0.9273 0.3960 0.6899 0.0361 0.0361 10.0026
0.0 0.9262 0.1382 0.3721 0.0439 0.0430 -69.9994
7.0 0.9222 0.2832 0.3853 0.0273 0.0264 -0.2713
8.0 0.9212 0.2739 0.7202 0.0459 0.0459 10.0256
8.0 0.9149 0.1201 0.4883 0.0430 0.0430 11.2629
8.0 0.9145 0.8257 0.8125 0.0439 0.0410 10.3029
3.0 0.9137 0.3584 0.5884 0.0176 0.0205 -40.2404
3.0 0.9096 0.8213 0.1426 0.0195 0.0195 -40.0047
5.0 0.9085 0.2812 0.1606 0.0195 0.0186 -19.4283
3.0 0.9002 0.3726 0.3071 0.0205 0.0205 -40.0185
9.0 0.8973 0.8608 0.7891 0.0498 0.0449 19.9995
8.0 0.8957 0.2568 0.1162 0.0371 0.0371 9.4355
3.0 0.8939 0.3774 0.1401 0.0186 0.0205 -40.1047
7.0 0.8902 0.2412 0.6621 0.0273 0.0273 -0.2984
3.0 0.8804 0.1816 0.6543 0.0195 0.0195 -40.0735
8.0 0.8798 0.3765 0.4082 0.0342 0.0371 9.4637
6.0 0.8732 0.8159 0.5259 0.0283 0.0283 -8.8044
2.0 0.8702 0.7065 0.5415 0.0283 0.0264 -50.2626
5.0 0.8672 0.2104 0.6973 0.0186 0.0176 -19.0169
6.0 0.8670 0.2212 0.2422 0.0283 0.0273 -9.6753
5.0 0.8621 0.5503 0.5640 0.0186 0.0186 -19.7733
8.0 0.8607 0.2891 0.7202 0.0352 0.0361 8.8374
9.0 0.8541 0.1211 0.4878 0.0430 0.0420 19.6858
5.0 0.8516 0.3052 0.0972 0.0186 0.0186 -19.4397
4.0 0.8330 0.4507 0.6045 0.0146 0.0137 -31.5034
4.0 0.8306 0.5059 0.3833 0.0137 0.0127 -30.4793
7.0 0.8305 0.3760 0.4082 0.0352 0.0371 0.7718
5.0 0.8273 0.5298 0.0898 0.0186 0.0195 -19.6981
7.0 0.8211 0.6470 0.2100 0.0283 0.0273 -1.0011
7.0 0.8204 0.8394 0.2944 0.0322 0.0361 1.5455
5.0 0.8181 0.7344 0.3682 0.0176 0.0176 -19.7222
8.0 0.8100 0.2134 0.5049 0.0361 0.0352 8.6048
4.0 0.8078 0.1255 0.7974 0.0127 0.0127 -31.1243
3.0 0.7974 0.8018 0.5923 0.0137 0.0146 -37.4648
9.0 0.7944 0.1519 0.4385 0.0439 0.0449 18.5720
6.0 0.7910 0.2876 0.3618 0.0264 0.0283 -9.2525
3.0 0.7638 0.7041 0.5508 0.0215 0.0195 -42.0485
8.0 0.7593 0.1523 0.4380 0.0449 0.0439 12.7836
7.0 0.7468 0.8159 0.5254 0.0283 0.0273 -2.7016
5.0 0.7400 0.4546 0.4136 0.0186 0.0186 -17.3301
4.0 0.7398 0.3970 0.0708 0.0127 0.0127 -30.0655
8.0 0.7381 0.2358 0.2080 0.0342 0.0312 9.4419
7.0 0.7323 0.9365 0.9336 0.0273 0.0273 -2.5268
7.0 0.7268 0.8311 0.7935 0.0352 0.0381 2.1638
3.0 0.7206 0.6948 0.3516 0.0146 0.0137 -37.4769
7.0 0.7205 0.2129 0.5049 0.0352 0.0352 1.3412
7.0 0.7157 0.7925 0.4990 0.0264 0.0273 -2.9090
7.0 0.7117 0.2876 0.7207 0.0381 0.0391 1.8042
7.0 0.6617 0.5083 0.2017 0.0283 0.0283 -4.4363
6.0 0.6488 0.5083 0.2017 0.0283 0.0283 -6.1092
6.0 0.6309 0.2832 0.3853 0.0273 0.0264 -5.8695
6.0 0.6175 0.2417 0.6621 0.0283 0.0273 -6.1678
6.0 0.5894 0.4561 0.4136 0.0176 0.0186 -14.4228
9.0 0.5883 0.8696 0.1226 0.0439 0.0439 16.6521
9.0 0.5833 0.2354 0.2090 0.0352 0.0352 18.7337
6.0 0.5313 0.7925 0.4990 0.0264 0.0273 -5.2672
6.0 0.5221 0.1392 0.3716 0.0283 0.0322 -9.0449
6.0 0.4610 0.9370 0.9336 0.0283 0.0273 -5.4411
7.0 0.4583 0.2354 0.2085 0.0332 0.0303 1.6293
