9.0 0.9877 377.50 293.00 51.00 48.00 19.9989
9.0 0.9862 865.00 482.00 52.00 50.00 19.9992
9.0 0.9785 638.50 303.50 53.00 51.00 20.0000
0.0 0.9778 442.50 876.00 45.00 44.00 -69.9994
0.0 0.9778 74.50 352.00 45.00 44.00 -70.0000
8.0 0.9776 545.00 304.50 44.00 45.00 10.0006
1.0 0.9760 311.00 344.50 36.00 35.00 -60.0059
1.0 0.9751 698.50 718.00 37.00 36.00 -60.0004
1.0 0.9745 870.50 952.00 37.00 36.00 -60.0005
8.0 0.9744 939.00 252.00 44.00 44.00 10.2978
0.0 0.9744 76.50 962.00 45.00 44.00 -70.0000
0.0 0.9742 718.50 291.00 45.00 44.00 -69.9996
0.0 0.9741 89.50 232.00 45.00 44.00 -69.9992
8.0 0.9733 771.00 938.00 44.00 44.00 10.0101
9.0 0.9727 572.00 84.00 54.00 52.00 19.9979
1.0 0.9725 104.50 569.00 37.00 36.00 -60.0004
0.0 0.9723 871.50 677.00 43.00 44.00 -69.9996
1.0 0.9720 387.00 726.00 36.00 36.00 -60.0022
0.0 0.9714 708.00 842.00 44.00 44.00 -70.0000
0.0 0.9711 917.50 319.00 43.00 44.00 -69.9999
9.0 0.9709 316.50 256.00 53.00 50.00 20.0000
1.0 0.9706 176.50 481.50 35.00 35.00 -60.0022
9.0 0.9705 124.50 171.00 53.00 50.00 20.0000
0.0 0.9703 682.00 156.00 44.00 44.00 -70.0000
9.0 0.9698 136.00 698.00 52.00 50.00 20.0000
0.0 0.9692 554.00 935.00 44.00 44.00 -69.9995
1.0 0.9686 722.50 385.00 37.00 36.00 -60.0002
1.0 0.9659 875.00 790.50 34.00 31.00 -60.0221
1.0 0.9646 201.50 285.00 35.00 36.00 -60.0003
8.0 0.9617 587.50 682.50 45.00 45.00 10.0048
0.0 0.9615 391.50 60.00 45.00 44.00 -69.9995
0.0 0.9601 870.00 302.50 42.00 47.00 -69.9995
1.0 0.9598 123.00 241.50 36.00 37.00 -60.0457
7.0 0.9576 271.50 762.00 37.00 38.00 0.0767
8.0 0.9537 69.00 892.00 36.00 36.00 9.9341
8.0 0.9521 533.00 467.00 36.00 36.00 9.9548
7.0 0.9492 567.00 534.00 28.00 28.00 -0.0508
9.0 0.9483 248.50 226.50 49.00 51.00 20.0000
2.0 0.9413 378.50 189.00 29.00 28.00 -50.0004
2.0 0.9407 593.00 750.00 28.00 28.00 -50.0159
8.0 0.9393 890.50 125.00 45.00 44.00 10.5549
2.0 0.9391 177.00 106.00 28.00 26.00 -50.0026
2.0 0.9382 141.50 223.50 29.00 29.00 -50.0000
2.0 0.9375 947.00 789.00 28.00 28.00 -50.0063
2.0 0.9358 380.00 859.00 28.00 28.00 -50.0075
2.0 0.9348 507.00 331.00 28.00 28.00 -50.0117
1.0 0.9339 216.00 279.00 36.00 38.00 -60.1717
2.0 0.9279 795.50 658.50 27.00 27.00 -50.0144
3.0 0.9277 761.00 803.50 18.00 21.00 -40.1655
3.0 0.9275 558.50 404.00 19.00 22.00 -40.0816
8.0 0.9273 405.50 706.50 37.00 37.00 10.0026
0.0 0.9262 141.50 381.00 45.00 44.00 -69.9994
7.0 0.9222 290.00 394.50 28.00 27.00 -0.2713
8.0 0.9212 280.50 737.50 47.00 47.00 10.0256
8.0 0.9149 123.00 500.00 44.00 44.00 11.2629
8.0 0.9145 845.50 832.00 45.00 42.00 10.3029
3.0 0.9137 367.00 602.50 18.00 21.00 -40.2404
3.0 0.9096 841.00 146.00 20.00 20.00 -40.0047
5.0 0.9085 288.00 164.50 20.00 19.00 -19.4283
3.0 0.9002 381.50 314.50 21.00 21.00 -40.0185
9.0 0.8973 881.50 808.00 51.00 46.00 19.9995
8.0 0.8957 263.00 119.00 38.00 38.00 9.4355
3.0 0.8939 386.50 143.50 19.00 21.00 -40.1047
7.0 0.8902 247.00 678.00 28.00 28.00 -0.2984
3.0 0.8804 186.00 670.00 20.00 20.00 -40.0735
8.0 0.8798 385.50 418.00 35.00 38.00 9.4637
6.0 0.8732 835.50 538.50 29.00 29.00 -8.8044
2.0 0.8702 723.50 554.50 29.00 27.00 -50.2626
5.0 0.8672 215.50 714.00 19.00 18.00 -19.0169
6.0 0.8670 226.50 248.00 29.00 28.00 -9.6753
5.0 0.8621 563.50 577.50 19.00 19.00 -19.7733
8.0 0.8607 296.00 737.50 36.00 37.00 8.8374
9.0 0.8541 124.00 499.50 44.00 43.00 19.6858
5.0 0.8516 312.50 99.50 19.00 19.00 -19.4397
4.0 0.8330 461.50 619.00 15.00 14.00 -31.5034
4.0 0.8306 518.00 392.50 14.00 13.00 -30.4793
7.0 0.8305 385.00 418.00 36.00 38.00 0.7718
5.0 0.8273 542.50 92.00 19.00 20.00 -19.6981
7.0 0.8211 662.50 215.00 29.00 28.00 -1.0011
7.0 0.8204 859.50 301.50 33.00 37.00 1.5455
5.0 0.8181 752.00 377.00 18.00 18.00 -19.7222
8.0 0.8100 218.50 517.00 37.00 36.00 8.6048
4.0 0.8078 128.50 816.50 13.00 13.00 -31.1243
3.0 0.7974 821.00 606.50 14.00 15.00 -37.4648
9.0 0.7944 155.50 449.00 45.00 46.00 18.5720
6.0 0.7910 294.50 370.50 27.00 29.00 -9.2525
3.0 0.7638 721.00 564.00 22.00 20.00 -42.0485
8.0 0.7593 156.00 448.50 46.00 45.00 12.7836
7.0 0.7468 835.50 538.00 29.00 28.00 -2.7016
5.0 0.7400 465.50 423.50 19.00 19.00 -17.3301
4.0 0.7398 406.50 72.50 13.00 13.00 -30.0655
8.0 0.7381 241.50 213.00 35.00 32.00 9.4419
7.0 0.7323 959.00 956.00 28.00 28.00 -2.5268
7.0 0.7268 851.00 812.50 36.00 39.00 2.1638
3.0 0.7206 711.50 360.00 15.00 14.00 -37.4769
7.0 0.7205 218.00 517.00 36.00 36.00 1.3412
7.0 0.7157 811.50 511.00 27.00 28.00 -2.9090
7.0 0.7117 294.50 738.00 39.00 40.00 1.8042
7.0 0.6617 520.50 206.50 29.00 29.00 -4.4363
6.0 0.6488 520.50 206.50 29.00 29.00 -6.1092
6.0 0.6309 290.00 394.50 28.00 27.00 -5.8695
6.0 0.6175 247.50 678.00 29.00 28.00 -6.1678
6.0 0.5894 467.00 423.50 18.00 19.00 -14.4228
9.0 0.5883 890.50 125.50 45.00 45.00 16.6521
9.0 0.5833 241.00 214.00 36.00 36.00 18.7337
6.0 0.5313 811.50 511.00 27.00 28.00 -5.2672
6.0 0.5221 142.50 380.50 29.00 33.00 -9.0449
6.0 0.4610 959.50 956.00 29.00 28.00 -5.4411
7.0 0.4583 241.00 213.50 34.00 31.00 1.6293
