7.0 0.9590 0.0981 0.7925 0.0244 0.0264 -0.0885
7.0 0.9537 0.8794 0.7920 0.0264 0.0254 -0.1758
7.0 0.9533 0.4453 0.1841 0.0254 0.0264 -0.0361
7.0 0.9511 0.2715 0.1846 0.0254 0.0254 -0.0179
7.0 0.9505 0.5322 0.3584 0.0254 0.0254 -0.0718
7.0 0.9484 0.0986 0.1841 0.0254 0.0264 -0.1146
6.0 0.9474 0.7061 0.2710 0.0254 0.0264 -9.7903
7.0 0.9461 0.1851 0.1841 0.0244 0.0264 -0.1393
7.0 0.9457 0.4453 0.8784 0.0254 0.0264 -0.0731
7.0 0.9456 0.4453 0.4443 0.0254 0.0254 -0.0815
7.0 0.9447 0.8789 0.1841 0.0254 0.0264 -0.0251
7.0 0.9443 0.7925 0.7920 0.0264 0.0254 -0.4350
6.0 0.9440 0.8789 0.7046 0.0254 0.0264 -9.8850
7.0 0.9432 0.8794 0.3579 0.0264 0.0264 -0.3561
7.0 0.9407 0.2720 0.2710 0.0264 0.0264 -0.2069
6.0 0.9397 0.7061 0.4448 0.0254 0.0264 -9.6996
6.0 0.9392 0.0986 0.6182 0.0254 0.0254 -9.3553
7.0 0.9388 0.4453 0.7920 0.0254 0.0254 -0.1151
6.0 0.9382 0.7925 0.1841 0.0264 0.0264 -9.4798
6.0 0.9372 0.8789 0.6182 0.0254 0.0254 -9.9855
6.0 0.9371 0.8789 0.4448 0.0254 0.0264 -9.8291
7.0 0.9367 0.1851 0.7046 0.0264 0.0264 -0.1199
6.0 0.9357 0.0986 0.4448 0.0254 0.0264 -9.5136
6.0 0.9354 0.3589 0.2710 0.0264 0.0264 -9.9377
7.0 0.9353 0.4453 0.2710 0.0254 0.0264 -0.3110
7.0 0.9347 0.2715 0.7920 0.0254 0.0254 -0.0719
7.0 0.9345 0.3589 0.4443 0.0264 0.0254 -0.1165
6.0 0.9342 0.5317 0.6182 0.0264 0.0254 -9.5792
7.0 0.9342 0.2720 0.3574 0.0264 0.0254 -0.2566
7.0 0.9339 0.5317 0.8789 0.0264 0.0254 -0.2960
7.0 0.9334 0.3584 0.7920 0.0254 0.0254 -0.0587
7.0 0.9333 0.3584 0.6182 0.0254 0.0254 -0.1481
7.0 0.9333 0.4453 0.0972 0.0254 0.0264 -0.3030
6.0 0.9321 0.7920 0.4448 0.0254 0.0264 -9.8384
6.0 0.9304 0.0986 0.7051 0.0254 0.0254 -9.6506
7.0 0.9281 0.3584 0.5312 0.0254 0.0254 -0.4338
6.0 0.9261 0.8794 0.0972 0.0264 0.0264 -9.4030
6.0 0.9261 0.7920 0.6182 0.0254 0.0254 -9.8780
7.0 0.9260 0.6196 0.3584 0.0264 0.0254 -0.5330
7.0 0.9253 0.2720 0.5312 0.0264 0.0254 -0.3611
7.0 0.9243 0.0981 0.3579 0.0264 0.0264 -0.1256
7.0 0.9232 0.1851 0.7920 0.0264 0.0254 -0.1739
7.0 0.9217 0.1846 0.2710 0.0254 0.0264 -0.3486
6.0 0.9214 0.7920 0.7046 0.0254 0.0264 -9.4724
7.0 0.9203 0.5312 0.7920 0.0254 0.0254 -0.5030
7.0 0.9196 0.3589 0.3579 0.0264 0.0264 -0.3081
6.0 0.9192 0.5317 0.2710 0.0264 0.0264 -9.8215
7.0 0.9187 0.6191 0.4453 0.0254 0.0254 -0.5793
7.0 0.9178 0.1851 0.8784 0.0264 0.0264 -0.3085
7.0 0.9177 0.6187 0.7051 0.0264 0.0254 -1.1853
6.0 0.9151 0.7925 0.0972 0.0264 0.0264 -9.2575
6.0 0.9130 0.7920 0.5312 0.0254 0.0254 -9.3663
6.0 0.9114 0.7056 0.5312 0.0244 0.0254 -9.1064
7.0 0.9110 0.8794 0.2710 0.0264 0.0264 -0.6265
7.0 0.9093 0.1851 0.3579 0.0264 0.0264 -0.4231
6.0 0.9087 0.5317 0.4443 0.0264 0.0254 -9.2070
7.0 0.9083 0.2715 0.4448 0.0254 0.0264 -0.3026
7.0 0.9080 0.7051 0.7051 0.0254 0.0254 -1.4423
6.0 0.9077 0.0981 0.0972 0.0264 0.0264 -9.6703
7.0 0.9071 0.7056 0.8789 0.0264 0.0254 -1.5558
6.0 0.9028 0.4448 0.3579 0.0264 0.0264 -9.1353
7.0 0.9024 0.7056 0.3574 0.0244 0.0254 -1.8539
7.0 0.9022 0.6191 0.8784 0.0254 0.0264 -1.1073
7.0 0.9009 0.2715 0.7051 0.0254 0.0254 -0.6221
7.0 0.8991 0.6187 0.7920 0.0264 0.0254 -1.5448
6.0 0.8948 0.4453 0.7046 0.0254 0.0264 -8.7070
6.0 0.8885 0.6187 0.2710 0.0264 0.0264 -8.1831
7.0 0.8803 0.2715 0.8789 0.0254 0.0254 -0.8606
6.0 0.8799 0.3589 0.7046 0.0264 0.0264 -8.5906
7.0 0.8798 0.5322 0.0977 0.0254 0.0254 -1.3625
6.0 0.8790 0.8794 0.8784 0.0264 0.0264 -8.3669
6.0 0.8618 0.6191 0.0977 0.0254 0.0254 -8.1095
7.0 0.8595 0.3584 0.0977 0.0254 0.0254 -0.9710
7.0 0.8585 0.7056 0.7920 0.0244 0.0254 -2.7431
7.0 0.8577 0.5317 0.7051 0.0264 0.0254 -2.7218
6.0 0.8505 0.8789 0.5312 0.0254 0.0254 -7.3126
7.0 0.8462 0.3589 0.1841 0.0264 0.0264 -1.7382
7.0 0.8424 0.5322 0.1841 0.0254 0.0264 -0.8574
6.0 0.8329 0.5317 0.5312 0.0264 0.0254 -6.9618
7.0 0.8288 0.4453 0.6182 0.0254 0.0254 -1.4295
7.0 0.8285 0.2720 0.6182 0.0264 0.0254 -1.6018
7.0 0.8246 0.1846 0.0972 0.0254 0.0264 -1.6298
7.0 0.8211 0.1851 0.5312 0.0264 0.0254 -1.9422
7.0 0.8195 0.0981 0.2710 0.0264 0.0264 -2.0901
6.0 0.8183 0.7056 0.6182 0.0244 0.0254 -6.7283
6.0 0.8171 0.1846 0.6182 0.0254 0.0254 -8.1319
6.0 0.8155 0.7925 0.2710 0.0264 0.0264 -7.4202
7.0 0.8055 0.8794 0.5312 0.0264 0.0254 -1.6796
7.0 0.7978 0.3584 0.8789 0.0254 0.0254 -1.8441
7.0 0.7824 0.2720 0.0972 0.0264 0.0264 -2.9441
7.0 0.7821 0.4453 0.5312 0.0254 0.0254 -3.3809
7.0 0.7636 0.1846 0.4448 0.0254 0.0264 -2.3412
6.0 0.7554 0.0981 0.5312 0.0264 0.0254 -6.8267
6.0 0.7520 0.7925 0.3579 0.0264 0.0264 -6.4418
7.0 0.7474 0.6187 0.6182 0.0264 0.0254 -4.3600
6.0 0.7393 0.6182 0.1846 0.0254 0.0254 -5.7421
7.0 0.7382 0.6182 0.5312 0.0254 0.0254 -4.2217
6.0 0.7359 0.7925 0.8784 0.0264 0.0264 -5.6319
7.0 0.7298 0.7061 0.1846 0.0254 0.0254 -3.6379
6.0 0.7251 0.1851 0.4443 0.0264 0.0254 -7.2663
7.0 0.7240 0.8794 0.0977 0.0264 0.0254 -3.1401
6.0 0.7187 0.0986 0.8789 0.0254 0.0254 -6.4512
7.0 0.7154 0.4453 0.3579 0.0254 0.0264 -3.6270
6.0 0.7106 0.2715 0.6182 0.0254 0.0254 -5.9732
6.0 0.7089 0.2720 0.7046 0.0264 0.0264 -6.1123
7.0 0.6955 0.7061 0.0972 0.0254 0.0264 -3.9630
6.0 0.6920 0.5317 0.7046 0.0264 0.0264 -5.8374
7.0 0.6904 0.7925 0.3579 0.0264 0.0264 -3.7576
7.0 0.6843 0.6191 0.1846 0.0254 0.0254 -3.7963
7.0 0.6562 0.7930 0.8789 0.0254 0.0254 -4.2514
7.0 0.6440 0.5322 0.4453 0.0254 0.0254 -3.8316
6.0 0.6379 0.4453 0.6177 0.0254 0.0264 -6.1411
6.0 0.6359 0.3589 0.8789 0.0264 0.0254 -5.4315
7.0 0.6283 0.8794 0.8789 0.0264 0.0254 -4.0374
6.0 0.6249 0.5317 0.1846 0.0264 0.0254 -5.2145
7.0 0.6199 0.7925 0.2710 0.0264 0.0264 -3.9512
6.0 0.6054 0.2720 0.8789 0.0264 0.0254 -5.1447
6.0 0.5740 0.7056 0.0977 0.0264 0.0254 -6.1242
6.0 0.5579 0.3584 0.0972 0.0254 0.0264 -5.0771
7.0 0.5520 0.5327 0.5322 0.0264 0.0254 -2.7970
7.0 0.5520 0.0981 0.5312 0.0244 0.0254 -4.7083
7.0 0.5518 0.4453 0.7051 0.0254 0.0254 -4.5031
6.0 0.5414 0.2715 0.4443 0.0254 0.0254 -5.1795
7.0 0.5195 0.3584 0.7051 0.0254 0.0254 -4.6322
6.0 0.4313 0.6187 0.6177 0.0264 0.0264 -5.6957
