7.0 0.9590 100.50 811.50 25.00 27.00 -0.0885
7.0 0.9537 900.50 811.00 27.00 26.00 -0.1758
7.0 0.9533 456.00 188.50 26.00 27.00 -0.0361
7.0 0.9511 278.00 189.00 26.00 26.00 -0.0179
7.0 0.9505 545.00 367.00 26.00 26.00 -0.0718
7.0 0.9484 101.00 188.50 26.00 27.00 -0.1146
6.0 0.9474 723.00 277.50 26.00 27.00 -9.7903
7.0 0.9461 189.50 188.50 25.00 27.00 -0.1393
7.0 0.9457 456.00 899.50 26.00 27.00 -0.0731
7.0 0.9456 456.00 455.00 26.00 26.00 -0.0815
7.0 0.9447 900.00 188.50 26.00 27.00 -0.0251
7.0 0.9443 811.50 811.00 27.00 26.00 -0.4350
6.0 0.9440 900.00 721.50 26.00 27.00 -9.8850
7.0 0.9432 900.50 366.50 27.00 27.00 -0.3561
7.0 0.9407 278.50 277.50 27.00 27.00 -0.2069
6.0 0.9397 723.00 455.50 26.00 27.00 -9.6996
6.0 0.9392 101.00 633.00 26.00 26.00 -9.3553
7.0 0.9388 456.00 811.00 26.00 26.00 -0.1151
6.0 0.9382 811.50 188.50 27.00 27.00 -9.4798
6.0 0.9372 900.00 633.00 26.00 26.00 -9.9855
6.0 0.9371 900.00 455.50 26.00 27.00 -9.8291
7.0 0.9367 189.50 721.50 27.00 27.00 -0.1199
6.0 0.9357 101.00 455.50 26.00 27.00 -9.5136
6.0 0.9354 367.50 277.50 27.00 27.00 -9.9377
7.0 0.9353 456.00 277.50 26.00 27.00 -0.3110
7.0 0.9347 278.00 811.00 26.00 26.00 -0.0719
7.0 0.9345 367.50 455.00 27.00 26.00 -0.1165
6.0 0.9342 544.50 633.00 27.00 26.00 -9.5792
7.0 0.9342 278.50 366.00 27.00 26.00 -0.2566
7.0 0.9339 544.50 900.00 27.00 26.00 -0.2960
7.0 0.9334 367.00 811.00 26.00 26.00 -0.0587
7.0 0.9333 367.00 633.00 26.00 26.00 -0.1481
7.0 0.9333 456.00 99.50 26.00 27.00 -0.3030
6.0 0.9321 811.00 455.50 26.00 27.00 -9.8384
6.0 0.9304 101.00 722.00 26.00 26.00 -9.6506
7.0 0.9281 367.00 544.00 26.00 26.00 -0.4338
6.0 0.9261 900.50 99.50 27.00 27.00 -9.4030
6.0 0.9261 811.00 633.00 26.00 26.00 -9.8780
7.0 0.9260 634.50 367.00 27.00 26.00 -0.5330
7.0 0.9253 278.50 544.00 27.00 26.00 -0.3611
7.0 0.9243 100.50 366.50 27.00 27.00 -0.1256
7.0 0.9232 189.50 811.00 27.00 26.00 -0.1739
7.0 0.9217 189.00 277.50 26.00 27.00 -0.3486
6.0 0.9214 811.00 721.50 26.00 27.00 -9.4724
7.0 0.9203 544.00 811.00 26.00 26.00 -0.5030
7.0 0.9196 367.50 366.50 27.00 27.00 -0.3081
6.0 0.9192 544.50 277.50 27.00 27.00 -9.8215
7.0 0.9187 634.00 456.00 26.00 26.00 -0.5793
7.0 0.9178 189.50 899.50 27.00 27.00 -0.3085
7.0 0.9177 633.50 722.00 27.00 26.00 -1.1853
6.0 0.9151 811.50 99.50 27.00 27.00 -9.2575
6.0 0.9130 811.00 544.00 26.00 26.00 -9.3663
6.0 0.9114 722.50 544.00 25.00 26.00 -9.1064
7.0 0.9110 900.50 277.50 27.00 27.00 -0.6265
7.0 0.9093 189.50 366.50 27.00 27.00 -0.4231
6.0 0.9087 544.50 455.00 27.00 26.00 -9.2070
7.0 0.9083 278.00 455.50 26.00 27.00 -0.3026
7.0 0.9080 722.00 722.00 26.00 26.00 -1.4423
6.0 0.9077 100.50 99.50 27.00 27.00 -9.6703
7.0 0.9071 722.50 900.00 27.00 26.00 -1.5558
6.0 0.9028 455.50 366.50 27.00 27.00 -9.1353
7.0 0.9024 722.50 366.00 25.00 26.00 -1.8539
7.0 0.9022 634.00 899.50 26.00 27.00 -1.1073
7.0 0.9009 278.00 722.00 26.00 26.00 -0.6221
7.0 0.8991 633.50 811.00 27.00 26.00 -1.5448
6.0 0.8948 456.00 721.50 26.00 27.00 -8.7070
6.0 0.8885 633.50 277.50 27.00 27.00 -8.1831
7.0 0.8803 278.00 900.00 26.00 26.00 -0.8606
6.0 0.8799 367.50 721.50 27.00 27.00 -8.5906
7.0 0.8798 545.00 100.00 26.00 26.00 -1.3625
6.0 0.8790 900.50 899.50 27.00 27.00 -8.3669
6.0 0.8618 634.00 100.00 26.00 26.00 -8.1095
7.0 0.8595 367.00 100.00 26.00 26.00 -0.9710
7.0 0.8585 722.50 811.00 25.00 26.00 -2.7431
7.0 0.8577 544.50 722.00 27.00 26.00 -2.7218
6.0 0.8505 900.00 544.00 26.00 26.00 -7.3126
7.0 0.8462 367.50 188.50 27.00 27.00 -1.7382
7.0 0.8424 545.00 188.50 26.00 27.00 -0.8574
6.0 0.8329 544.50 544.00 27.00 26.00 -6.9618
7.0 0.8288 456.00 633.00 26.00 26.00 -1.4295
7.0 0.8285 278.50 633.00 27.00 26.00 -1.6018
7.0 0.8246 189.00 99.50 26.00 27.00 -1.6298
7.0 0.8211 189.50 544.00 27.00 26.00 -1.9422
7.0 0.8195 100.50 277.50 27.00 27.00 -2.0901
6.0 0.8183 722.50 633.00 25.00 26.00 -6.7283
6.0 0.8171 189.00 633.00 26.00 26.00 -8.1319
6.0 0.8155 811.50 277.50 27.00 27.00 -7.4202
7.0 0.8055 900.50 544.00 27.00 26.00 -1.6796
7.0 0.7978 367.00 900.00 26.00 26.00 -1.8441
7.0 0.7824 278.50 99.50 27.00 27.00 -2.9441
7.0 0.7821 456.00 544.00 26.00 26.00 -3.3809
7.0 0.7636 189.00 455.50 26.00 27.00 -2.3412
6.0 0.7554 100.50 544.00 27.00 26.00 -6.8267
6.0 0.7520 811.50 366.50 27.00 27.00 -6.4418
7.0 0.7474 633.50 633.00 27.00 26.00 -4.3600
6.0 0.7393 633.00 189.00 26.00 26.00 -5.7421
7.0 0.7382 633.00 544.00 26.00 26.00 -4.2217
6.0 0.7359 811.50 899.50 27.00 27.00 -5.6319
7.0 0.7298 723.00 189.00 26.00 26.00 -3.6379
6.0 0.7251 189.50 455.00 27.00 26.00 -7.2663
7.0 0.7240 900.50 100.00 27.00 26.00 -3.1401
6.0 0.7187 101.00 900.00 26.00 26.00 -6.4512
7.0 0.7154 456.00 366.50 26.00 27.00 -3.6270
6.0 0.7106 278.00 633.00 26.00 26.00 -5.9732
6.0 0.7089 278.50 721.50 27.00 27.00 -6.1123
7.0 0.6955 723.00 99.50 26.00 27.00 -3.9630
6.0 0.6920 544.50 721.50 27.00 27.00 -5.8374
7.0 0.6904 811.50 366.50 27.00 27.00 -3.7576
7.0 0.6843 634.00 189.00 26.00 26.00 -3.7963
7.0 0.6562 812.00 900.00 26.00 26.00 -4.2514
7.0 0.6440 545.00 456.00 26.00 26.00 -3.8316
6.0 0.6379 456.00 632.50 26.00 27.00 -6.1411
6.0 0.6359 367.50 900.00 27.00 26.00 -5.4315
7.0 0.6283 900.50 900.00 27.00 26.00 -4.0374
6.0 0.6249 544.50 189.00 27.00 26.00 -5.2145
7.0 0.6199 811.50 277.50 27.00 27.00 -3.9512
6.0 0.6054 278.50 900.00 27.00 26.00 -5.1447
6.0 0.5740 722.50 100.00 27.00 26.00 -6.1242
6.0 0.5579 367.00 99.50 26.00 27.00 -5.0771
7.0 0.5520 545.50 545.00 27.00 26.00 -2.7970
7.0 0.5520 100.50 544.00 25.00 26.00 -4.7083
7.0 0.5518 456.00 722.00 26.00 26.00 -4.5031
6.0 0.5414 278.00 455.00 26.00 26.00 -5.1795
7.0 0.5195 367.00 722.00 26.00 26.00 -4.6322
6.0 0.4313 633.50 632.50 27.00 27.00 -5.6957
