5.0 0.9415 634.00 900.00 16.00 16.00 -20.0000
5.0 0.9412 100.50 366.50 17.00 17.00 -19.9970
5.0 0.9392 278.50 900.00 17.00 16.00 -19.9994
5.0 0.9391 545.50 900.00 17.00 16.00 -20.0000
5.0 0.9383 100.50 277.50 17.00 17.00 -19.9980
5.0 0.9365 900.50 811.00 17.00 16.00 -19.9997
5.0 0.9358 811.50 899.50 17.00 17.00 -20.0000
5.0 0.9355 900.00 278.00 16.00 16.00 -19.9994
5.0 0.9350 100.50 544.50 17.00 17.00 -19.9962
5.0 0.9327 100.50 455.50 17.00 17.00 -19.9939
5.0 0.9319 811.50 810.50 17.00 17.00 -20.0000
5.0 0.9311 723.00 278.00 16.00 16.00 -19.9996
5.0 0.9309 278.50 455.50 17.00 17.00 -19.9966
5.0 0.9307 100.50 188.50 17.00 17.00 -19.9934
5.0 0.9294 545.00 721.50 18.00 17.00 -20.0002
5.0 0.9293 811.50 721.50 17.00 17.00 -20.0000
5.0 0.9282 900.50 900.00 17.00 16.00 -20.0000
5.0 0.9280 366.50 455.50 17.00 17.00 -19.9986
5.0 0.9267 278.00 366.50 16.00 17.00 -19.9925
5.0 0.9264 545.00 811.00 18.00 18.00 -19.9990
5.0 0.9258 367.00 366.50 16.00 17.00 -19.9969
5.0 0.9238 367.50 811.00 17.00 16.00 -19.9981
5.0 0.9232 545.00 100.00 16.00 16.00 -19.9996
5.0 0.9231 367.00 633.50 16.00 17.00 -19.9985
5.0 0.9230 634.00 811.00 16.00 16.00 -19.9998
5.0 0.9228 189.50 455.50 17.00 17.00 -19.9906
5.0 0.9227 545.00 278.00 16.00 16.00 -19.9993
5.0 0.9226 100.50 900.00 17.00 16.00 -19.9990
5.0 0.9225 722.50 810.50 17.00 17.00 -19.9995
5.0 0.9225 189.50 900.00 17.00 16.00 -19.9960
5.0 0.9221 278.50 722.00 17.00 16.00 -19.9933
5.0 0.9208 633.50 721.50 17.00 17.00 -19.9994
5.0 0.9207 722.50 900.50 17.00 17.00 -19.9997
5.0 0.9203 189.50 366.50 17.00 17.00 -19.9852
5.0 0.9200 367.00 188.50 16.00 17.00 -19.9978
5.0 0.9195 812.00 278.00 16.00 16.00 -19.9983
5.0 0.9189 812.00 189.00 16.00 16.00 -19.9988
5.0 0.9185 901.00 100.00 16.00 16.00 -19.9995
5.0 0.9183 900.50 367.00 15.00 16.00 -19.9988
5.0 0.9171 901.00 189.00 16.00 16.00 -19.9976
5.0 0.9166 456.50 900.00 17.00 16.00 -19.9996
5.0 0.9164 812.00 100.50 16.00 17.00 -19.9994
5.0 0.9164 900.50 721.50 17.00 17.00 -19.9988
5.0 0.9163 900.00 456.00 16.00 16.00 -19.9994
5.0 0.9158 278.00 544.50 16.00 17.00 -19.9897
5.0 0.9151 900.50 544.50 17.00 17.00 -20.0000
5.0 0.9146 811.50 633.50 17.00 17.00 -19.9999
5.0 0.9136 722.50 722.00 17.00 16.00 -19.9998
5.0 0.9132 190.00 722.00 18.00 16.00 -19.9896
5.0 0.9103 278.00 278.00 16.00 16.00 -19.9933
5.0 0.9101 101.00 811.00 16.00 16.00 -19.9990
5.0 0.9094 812.00 367.00 16.00 16.00 -19.9957
5.0 0.9091 278.50 811.00 17.00 16.00 -19.9936
5.0 0.9089 189.50 100.00 17.00 16.00 -19.9945
5.0 0.9088 367.00 900.00 16.00 16.00 -19.9961
5.0 0.9080 456.00 366.50 16.00 17.00 -19.9985
5.0 0.9075 545.50 633.00 17.00 16.00 -20.0000
5.0 0.9067 100.50 100.00 17.00 16.00 -19.9974
5.0 0.9065 100.50 633.00 17.00 16.00 -19.9871
5.0 0.9056 456.50 811.00 17.00 16.00 -19.9996
5.0 0.9055 367.00 277.50 16.00 17.00 -19.9942
5.0 0.9055 633.50 544.50 17.00 17.00 -20.0000
5.0 0.9046 900.50 633.00 17.00 16.00 -19.9998
5.0 0.9045 456.00 100.00 16.00 16.00 -19.9938
5.0 0.9044 278.50 100.00 17.00 16.00 -19.9987
5.0 0.9039 189.50 544.50 17.00 17.00 -19.9753
5.0 0.9028 278.50 633.00 17.00 16.00 -19.9856
5.0 0.9023 633.50 633.50 17.00 17.00 -19.9999
5.0 0.9015 189.50 632.50 17.00 17.00 -19.9696
5.0 0.9005 545.00 189.00 16.00 16.00 -19.9940
5.0 0.8994 811.50 456.00 15.00 16.00 -19.9941
5.0 0.8990 189.00 277.50 16.00 17.00 -19.9657
5.0 0.8990 723.00 367.00 16.00 16.00 -19.9945
5.0 0.8986 367.00 544.50 16.00 17.00 -19.9903
5.0 0.8982 723.00 456.00 16.00 16.00 -19.9956
5.0 0.8976 633.50 100.00 17.00 16.00 -19.9991
5.0 0.8965 367.00 100.00 16.00 16.00 -19.9893
5.0 0.8964 811.50 544.50 17.00 17.00 -19.9998
5.0 0.8957 722.50 633.50 17.00 17.00 -19.9997
5.0 0.8946 367.50 722.00 17.00 16.00 -19.9844
5.0 0.8933 723.00 100.00 16.00 16.00 -19.9961
5.0 0.8932 101.50 722.00 17.00 16.00 -19.9894
5.0 0.8931 545.00 367.00 16.00 16.00 -19.9912
5.0 0.8931 456.00 633.00 16.00 16.00 -19.9999
5.0 0.8929 278.00 188.50 16.00 17.00 -19.9853
5.0 0.8910 723.00 189.00 16.00 16.00 -19.9951
5.0 0.8900 456.50 722.00 17.00 16.00 -19.9998
5.0 0.8894 545.00 455.50 16.00 17.00 -19.9946
5.0 0.8889 634.00 189.00 16.00 16.00 -19.9996
5.0 0.8863 545.00 544.50 18.00 17.00 -20.0002
5.0 0.8857 634.00 278.00 16.00 16.00 -19.9950
5.0 0.8852 634.00 456.00 16.00 16.00 -19.9946
5.0 0.8795 189.50 188.50 17.00 17.00 -19.9314
5.0 0.8774 189.50 811.00 17.00 16.00 -19.9866
5.0 0.8739 634.00 367.00 16.00 16.00 -19.9934
5.0 0.8717 456.00 278.00 16.00 16.00 -19.9880
5.0 0.8705 456.00 189.00 16.00 16.00 -19.9851
5.0 0.8588 456.00 455.50 16.00 17.00 -19.9994
5.0 0.8570 456.00 544.50 16.00 17.00 -19.9991
5.0 0.8551 722.50 544.50 17.00 17.00 -20.0027
