5.0 0.9415 0.6191 0.8789 0.0156 0.0156 -20.0000
5.0 0.9412 0.0981 0.3579 0.0166 0.0166 -19.9970
5.0 0.9392 0.2720 0.8789 0.0166 0.0156 -19.9994
5.0 0.9391 0.5327 0.8789 0.0166 0.0156 -20.0000
5.0 0.9383 0.0981 0.2710 0.0166 0.0166 -19.9980
5.0 0.9365 0.8794 0.7920 0.0166 0.0156 -19.9997
5.0 0.9358 0.7925 0.8784 0.0166 0.0166 -20.0000
5.0 0.9355 0.8789 0.2715 0.0156 0.0156 -19.9994
5.0 0.9350 0.0981 0.5317 0.0166 0.0166 -19.9962
5.0 0.9327 0.0981 0.4448 0.0166 0.0166 -19.9939
5.0 0.9319 0.7925 0.7915 0.0166 0.0166 -20.0000
5.0 0.9311 0.7061 0.2715 0.0156 0.0156 -19.9996
5.0 0.9309 0.2720 0.4448 0.0166 0.0166 -19.9966
5.0 0.9307 0.0981 0.1841 0.0166 0.0166 -19.9934
5.0 0.9294 0.5322 0.7046 0.0176 0.0166 -20.0002
5.0 0.9293 0.7925 0.7046 0.0166 0.0166 -20.0000
5.0 0.9282 0.8794 0.8789 0.0166 0.0156 -20.0000
5.0 0.9280 0.3579 0.4448 0.0166 0.0166 -19.9986
5.0 0.9267 0.2715 0.3579 0.0156 0.0166 -19.9925
5.0 0.9264 0.5322 0.7920 0.0176 0.0176 -19.9990
5.0 0.9258 0.3584 0.3579 0.0156 0.0166 -19.9969
5.0 0.9238 0.3589 0.7920 0.0166 0.0156 -19.9981
5.0 0.9232 0.5322 0.0977 0.0156 0.0156 -19.9996
5.0 0.9231 0.3584 0.6187 0.0156 0.0166 -19.9985
5.0 0.9230 0.6191 0.7920 0.0156 0.0156 -19.9998
5.0 0.9228 0.1851 0.4448 0.0166 0.0166 -19.9906
5.0 0.9227 0.5322 0.2715 0.0156 0.0156 -19.9993
5.0 0.9226 0.0981 0.8789 0.0166 0.0156 -19.9990
5.0 0.9225 0.7056 0.7915 0.0166 0.0166 -19.9995
5.0 0.9225 0.1851 0.8789 0.0166 0.0156 -19.9960
5.0 0.9221 0.2720 0.7051 0.0166 0.0156 -19.9933
5.0 0.9208 0.6187 0.7046 0.0166 0.0166 -19.9994
5.0 0.9207 0.7056 0.8794 0.0166 0.0166 -19.9997
5.0 0.9203 0.1851 0.3579 0.0166 0.0166 -19.9852
5.0 0.9200 0.3584 0.1841 0.0156 0.0166 -19.9978
5.0 0.9195 0.7930 0.2715 0.0156 0.0156 -19.9983
5.0 0.9189 0.7930 0.1846 0.0156 0.0156 -19.9988
5.0 0.9185 0.8799 0.0977 0.0156 0.0156 -19.9995
5.0 0.9183 0.8794 0.3584 0.0146 0.0156 -19.9988
5.0 0.9171 0.8799 0.1846 0.0156 0.0156 -19.9976
5.0 0.9166 0.4458 0.8789 0.0166 0.0156 -19.9996
5.0 0.9164 0.7930 0.0981 0.0156 0.0166 -19.9994
5.0 0.9164 0.8794 0.7046 0.0166 0.0166 -19.9988
5.0 0.9163 0.8789 0.4453 0.0156 0.0156 -19.9994
5.0 0.9158 0.2715 0.5317 0.0156 0.0166 -19.9897
5.0 0.9151 0.8794 0.5317 0.0166 0.0166 -20.0000
5.0 0.9146 0.7925 0.6187 0.0166 0.0166 -19.9999
5.0 0.9136 0.7056 0.7051 0.0166 0.0156 -19.9998
5.0 0.9132 0.1855 0.7051 0.0176 0.0156 -19.9896
5.0 0.9103 0.2715 0.2715 0.0156 0.0156 -19.9933
5.0 0.9101 0.0986 0.7920 0.0156 0.0156 -19.9990
5.0 0.9094 0.7930 0.3584 0.0156 0.0156 -19.9957
5.0 0.9091 0.2720 0.7920 0.0166 0.0156 -19.9936
5.0 0.9089 0.1851 0.0977 0.0166 0.0156 -19.9945
5.0 0.9088 0.3584 0.8789 0.0156 0.0156 -19.9961
5.0 0.9080 0.4453 0.3579 0.0156 0.0166 -19.9985
5.0 0.9075 0.5327 0.6182 0.0166 0.0156 -20.0000
5.0 0.9067 0.0981 0.0977 0.0166 0.0156 -19.9974
5.0 0.9065 0.0981 0.6182 0.0166 0.0156 -19.9871
5.0 0.9056 0.4458 0.7920 0.0166 0.0156 -19.9996
5.0 0.9055 0.3584 0.2710 0.0156 0.0166 -19.9942
5.0 0.9055 0.6187 0.5317 0.0166 0.0166 -20.0000
5.0 0.9046 0.8794 0.6182 0.0166 0.0156 -19.9998
5.0 0.9045 0.4453 0.0977 0.0156 0.0156 -19.9938
5.0 0.9044 0.2720 0.0977 0.0166 0.0156 -19.9987
5.0 0.9039 0.1851 0.5317 0.0166 0.0166 -19.9753
5.0 0.9028 0.2720 0.6182 0.0166 0.0156 -19.9856
5.0 0.9023 0.6187 0.6187 0.0166 0.0166 -19.9999
5.0 0.9015 0.1851 0.6177 0.0166 0.0166 -19.9696
5.0 0.9005 0.5322 0.1846 0.0156 0.0156 -19.9940
5.0 0.8994 0.7925 0.4453 0.0146 0.0156 -19.9941
5.0 0.8990 0.1846 0.2710 0.0156 0.0166 -19.9657
5.0 0.8990 0.7061 0.3584 0.0156 0.0156 -19.9945
5.0 0.8986 0.3584 0.5317 0.0156 0.0166 -19.9903
5.0 0.8982 0.7061 0.4453 0.0156 0.0156 -19.9956
5.0 0.8976 0.6187 0.0977 0.0166 0.0156 -19.9991
5.0 0.8965 0.3584 0.0977 0.0156 0.0156 -19.9893
5.0 0.8964 0.7925 0.5317 0.0166 0.0166 -19.9998
5.0 0.8957 0.7056 0.6187 0.0166 0.0166 -19.9997
5.0 0.8946 0.3589 0.7051 0.0166 0.0156 -19.9844
5.0 0.8933 0.7061 0.0977 0.0156 0.0156 -19.9961
5.0 0.8932 0.0991 0.7051 0.0166 0.0156 -19.9894
5.0 0.8931 0.5322 0.3584 0.0156 0.0156 -19.9912
5.0 0.8931 0.4453 0.6182 0.0156 0.0156 -19.9999
5.0 0.8929 0.2715 0.1841 0.0156 0.0166 -19.9853
5.0 0.8910 0.7061 0.1846 0.0156 0.0156 -19.9951
5.0 0.8900 0.4458 0.7051 0.0166 0.0156 -19.9998
5.0 0.8894 0.5322 0.4448 0.0156 0.0166 -19.9946
5.0 0.8889 0.6191 0.1846 0.0156 0.0156 -19.9996
5.0 0.8863 0.5322 0.5317 0.0176 0.0166 -20.0002
5.0 0.8857 0.6191 0.2715 0.0156 0.0156 -19.9950
5.0 0.8852 0.6191 0.4453 0.0156 0.0156 -19.9946
5.0 0.8795 0.1851 0.1841 0.0166 0.0166 -19.9314
5.0 0.8774 0.1851 0.7920 0.0166 0.0156 -19.9866
5.0 0.8739 0.6191 0.3584 0.0156 0.0156 -19.9934
5.0 0.8717 0.4453 0.2715 0.0156 0.0156 -19.9880
5.0 0.8705 0.4453 0.1846 0.0156 0.0156 -19.9851
5.0 0.8588 0.4453 0.4448 0.0156 0.0166 -19.9994
5.0 0.8570 0.4453 0.5317 0.0156 0.0166 -19.9991
5.0 0.8551 0.7056 0.5317 0.0166 0.0166 -20.0027
