5.0 0.9151 723.00 278.00 14.00 14.00 -20.0040
5.0 0.9132 634.00 99.50 14.00 15.00 -19.9897
5.0 0.9122 545.00 99.50 14.00 15.00 -19.9945
5.0 0.9083 723.00 100.00 14.00 14.00 -19.9957
5.0 0.9081 455.50 99.50 15.00 15.00 -19.9886
5.0 0.9074 545.00 188.50 14.00 15.00 -19.9971
5.0 0.9071 278.00 366.50 16.00 15.00 -19.9968
5.0 0.9061 900.50 100.00 13.00 14.00 -19.9980
5.0 0.9045 812.00 277.50 14.00 15.00 -19.9990
5.0 0.9019 900.50 810.50 15.00 15.00 -20.0000
5.0 0.9017 723.00 188.50 14.00 15.00 -20.0008
5.0 0.9009 900.50 189.00 13.00 14.00 -20.0014
5.0 0.9005 811.50 899.50 15.00 15.00 -20.0001
5.0 0.9005 811.50 188.00 13.00 14.00 -19.9977
5.0 0.9004 633.50 188.50 15.00 15.00 -19.9975
5.0 0.8980 811.50 722.50 15.00 15.00 -20.0000
5.0 0.8977 455.50 188.50 15.00 15.00 -19.9956
5.0 0.8949 278.50 633.50 15.00 15.00 -19.9991
5.0 0.8941 900.50 277.00 13.00 14.00 -19.9949
5.0 0.8933 811.50 99.50 15.00 15.00 -19.9986
5.0 0.8927 634.00 277.50 14.00 15.00 -19.9929
5.0 0.8917 811.50 811.00 15.00 14.00 -20.0001
5.0 0.8915 545.00 900.00 14.00 14.00 -20.0001
5.0 0.8911 900.50 722.50 15.00 15.00 -20.0001
5.0 0.8909 278.00 455.50 16.00 15.00 -19.9952
5.0 0.8905 366.50 188.50 15.00 15.00 -19.9748
5.0 0.8905 278.50 722.50 15.00 15.00 -19.9988
5.0 0.8895 811.50 367.00 13.00 14.00 -20.0059
5.0 0.8895 900.50 367.00 13.00 14.00 -20.0090
5.0 0.8886 456.50 811.00 15.00 14.00 -20.0001
5.0 0.8884 278.50 544.50 15.00 15.00 -19.9945
5.0 0.8880 545.00 277.50 14.00 15.00 -19.9856
5.0 0.8878 456.00 900.00 14.00 14.00 -19.9998
5.0 0.8856 545.00 366.50 14.00 15.00 -20.0053
5.0 0.8854 189.50 633.50 15.00 15.00 -20.0025
5.0 0.8849 366.50 100.00 15.00 14.00 -19.9685
5.0 0.8827 456.00 277.50 14.00 15.00 -20.0143
5.0 0.8824 812.00 633.50 14.00 15.00 -20.0001
5.0 0.8821 634.00 900.00 14.00 14.00 -20.0002
5.0 0.8818 101.00 633.00 14.00 14.00 -20.0045
5.0 0.8800 366.50 455.50 15.00 15.00 -20.0008
5.0 0.8795 722.00 900.50 14.00 15.00 -20.0030
5.0 0.8785 722.50 367.00 13.00 14.00 -20.0210
5.0 0.8779 100.50 722.50 15.00 15.00 -20.0073
5.0 0.8772 367.00 367.00 14.00 14.00 -19.9957
5.0 0.8769 545.50 811.00 15.00 14.00 -20.0001
5.0 0.8767 900.00 900.00 14.00 14.00 -20.0005
5.0 0.8757 189.50 544.50 15.00 15.00 -20.0085
5.0 0.8752 277.50 189.00 15.00 14.00 -19.9869
5.0 0.8747 366.50 544.50 15.00 15.00 -20.0023
5.0 0.8734 188.50 188.50 15.00 15.00 -19.9889
5.0 0.8727 277.50 99.50 15.00 15.00 -19.9541
5.0 0.8726 189.50 366.50 15.00 15.00 -20.0332
5.0 0.8722 456.00 366.50 14.00 15.00 -20.0211
5.0 0.8701 634.00 455.50 14.00 15.00 -20.0104
5.0 0.8698 723.00 455.50 14.00 15.00 -20.0300
5.0 0.8695 367.50 811.00 15.00 14.00 -20.0001
5.0 0.8685 100.50 544.50 15.00 15.00 -20.0404
5.0 0.8684 366.50 277.50 15.00 15.00 -19.9831
5.0 0.8658 189.50 722.50 15.00 15.00 -20.0033
5.0 0.8657 277.50 900.00 15.00 14.00 -19.9996
5.0 0.8653 188.50 100.00 15.00 14.00 -19.9755
5.0 0.8651 456.00 455.50 14.00 15.00 -20.0046
5.0 0.8650 189.50 277.50 15.00 15.00 -20.0084
5.0 0.8650 812.00 456.00 14.00 14.00 -20.0414
5.0 0.8646 188.50 900.00 15.00 14.00 -19.9996
5.0 0.8637 367.00 900.00 14.00 14.00 -19.9994
5.0 0.8625 100.50 366.50 15.00 15.00 -20.0669
5.0 0.8621 189.50 455.50 15.00 15.00 -20.0394
5.0 0.8620 277.50 277.50 15.00 15.00 -19.9943
5.0 0.8617 100.50 188.50 15.00 15.00 -20.0353
5.0 0.8610 100.50 811.00 15.00 14.00 -20.0012
5.0 0.8599 900.50 455.50 13.00 15.00 -20.0466
5.0 0.8587 188.50 811.00 15.00 14.00 -19.9996
5.0 0.8587 634.00 366.50 14.00 15.00 -20.0672
5.0 0.8562 367.00 633.50 14.00 15.00 -20.0016
5.0 0.8559 277.50 811.00 15.00 14.00 -20.0005
5.0 0.8554 100.00 277.50 14.00 15.00 -19.9951
5.0 0.8544 100.00 455.50 14.00 15.00 -20.0121
5.0 0.8514 100.50 900.00 15.00 14.00 -20.0008
5.0 0.8513 545.50 722.50 15.00 15.00 -20.0003
5.0 0.8484 99.50 100.00 15.00 14.00 -19.9814
5.0 0.8477 634.00 811.00 14.00 14.00 -20.0011
5.0 0.8465 723.00 633.00 14.00 14.00 -20.0006
5.0 0.8456 634.00 721.50 14.00 15.00 -20.0008
5.0 0.8443 634.00 633.00 14.00 14.00 -20.0002
5.0 0.8438 900.00 633.00 14.00 14.00 -20.0014
5.0 0.8419 456.00 544.50 14.00 15.00 -20.0006
5.0 0.8415 723.00 811.00 14.00 14.00 -20.0027
5.0 0.8399 812.00 544.50 14.00 15.00 -20.0004
5.0 0.8356 545.00 455.50 14.00 15.00 -20.0126
5.0 0.8344 367.00 722.00 14.00 14.00 -20.0021
5.0 0.8308 723.00 544.00 14.00 14.00 -20.0013
5.0 0.8276 545.50 544.50 15.00 15.00 -20.0008
5.0 0.8265 723.00 722.00 14.00 14.00 -20.0094
5.0 0.8209 545.50 633.00 15.00 14.00 -20.0007
5.0 0.8202 900.00 544.50 14.00 15.00 -20.0038
5.0 0.8058 456.00 633.00 14.00 14.00 -20.0037
5.0 0.7951 456.00 722.50 14.00 15.00 -20.0039
5.0 0.7823 634.00 544.00 14.00 14.00 -20.0063
