5.0 0.9151 0.7061 0.2715 0.0137 0.0137 -20.0040
5.0 0.9132 0.6191 0.0972 0.0137 0.0146 -19.9897
5.0 0.9122 0.5322 0.0972 0.0137 0.0146 -19.9945
5.0 0.9083 0.7061 0.0977 0.0137 0.0137 -19.9957
5.0 0.9081 0.4448 0.0972 0.0146 0.0146 -19.9886
5.0 0.9074 0.5322 0.1841 0.0137 0.0146 -19.9971
5.0 0.9071 0.2715 0.3579 0.0156 0.0146 -19.9968
5.0 0.9061 0.8794 0.0977 0.0127 0.0137 -19.9980
5.0 0.9045 0.7930 0.2710 0.0137 0.0146 -19.9990
5.0 0.9019 0.8794 0.7915 0.0146 0.0146 -20.0000
5.0 0.9017 0.7061 0.1841 0.0137 0.0146 -20.0008
5.0 0.9009 0.8794 0.1846 0.0127 0.0137 -20.0014
5.0 0.9005 0.7925 0.8784 0.0146 0.0146 -20.0001
5.0 0.9005 0.7925 0.1836 0.0127 0.0137 -19.9977
5.0 0.9004 0.6187 0.1841 0.0146 0.0146 -19.9975
5.0 0.8980 0.7925 0.7056 0.0146 0.0146 -20.0000
5.0 0.8977 0.4448 0.1841 0.0146 0.0146 -19.9956
5.0 0.8949 0.2720 0.6187 0.0146 0.0146 -19.9991
5.0 0.8941 0.8794 0.2705 0.0127 0.0137 -19.9949
5.0 0.8933 0.7925 0.0972 0.0146 0.0146 -19.9986
5.0 0.8927 0.6191 0.2710 0.0137 0.0146 -19.9929
5.0 0.8917 0.7925 0.7920 0.0146 0.0137 -20.0001
5.0 0.8915 0.5322 0.8789 0.0137 0.0137 -20.0001
5.0 0.8911 0.8794 0.7056 0.0146 0.0146 -20.0001
5.0 0.8909 0.2715 0.4448 0.0156 0.0146 -19.9952
5.0 0.8905 0.3579 0.1841 0.0146 0.0146 -19.9748
5.0 0.8905 0.2720 0.7056 0.0146 0.0146 -19.9988
5.0 0.8895 0.7925 0.3584 0.0127 0.0137 -20.0059
5.0 0.8895 0.8794 0.3584 0.0127 0.0137 -20.0090
5.0 0.8886 0.4458 0.7920 0.0146 0.0137 -20.0001
5.0 0.8884 0.2720 0.5317 0.0146 0.0146 -19.9945
5.0 0.8880 0.5322 0.2710 0.0137 0.0146 -19.9856
5.0 0.8878 0.4453 0.8789 0.0137 0.0137 -19.9998
5.0 0.8856 0.5322 0.3579 0.0137 0.0146 -20.0053
5.0 0.8854 0.1851 0.6187 0.0146 0.0146 -20.0025
5.0 0.8849 0.3579 0.0977 0.0146 0.0137 -19.9685
5.0 0.8827 0.4453 0.2710 0.0137 0.0146 -20.0143
5.0 0.8824 0.7930 0.6187 0.0137 0.0146 -20.0001
5.0 0.8821 0.6191 0.8789 0.0137 0.0137 -20.0002
5.0 0.8818 0.0986 0.6182 0.0137 0.0137 -20.0045
5.0 0.8800 0.3579 0.4448 0.0146 0.0146 -20.0008
5.0 0.8795 0.7051 0.8794 0.0137 0.0146 -20.0030
5.0 0.8785 0.7056 0.3584 0.0127 0.0137 -20.0210
5.0 0.8779 0.0981 0.7056 0.0146 0.0146 -20.0073
5.0 0.8772 0.3584 0.3584 0.0137 0.0137 -19.9957
5.0 0.8769 0.5327 0.7920 0.0146 0.0137 -20.0001
5.0 0.8767 0.8789 0.8789 0.0137 0.0137 -20.0005
5.0 0.8757 0.1851 0.5317 0.0146 0.0146 -20.0085
5.0 0.8752 0.2710 0.1846 0.0146 0.0137 -19.9869
5.0 0.8747 0.3579 0.5317 0.0146 0.0146 -20.0023
5.0 0.8734 0.1841 0.1841 0.0146 0.0146 -19.9889
5.0 0.8727 0.2710 0.0972 0.0146 0.0146 -19.9541
5.0 0.8726 0.1851 0.3579 0.0146 0.0146 -20.0332
5.0 0.8722 0.4453 0.3579 0.0137 0.0146 -20.0211
5.0 0.8701 0.6191 0.4448 0.0137 0.0146 -20.0104
5.0 0.8698 0.7061 0.4448 0.0137 0.0146 -20.0300
5.0 0.8695 0.3589 0.7920 0.0146 0.0137 -20.0001
5.0 0.8685 0.0981 0.5317 0.0146 0.0146 -20.0404
5.0 0.8684 0.3579 0.2710 0.0146 0.0146 -19.9831
5.0 0.8658 0.1851 0.7056 0.0146 0.0146 -20.0033
5.0 0.8657 0.2710 0.8789 0.0146 0.0137 -19.9996
5.0 0.8653 0.1841 0.0977 0.0146 0.0137 -19.9755
5.0 0.8651 0.4453 0.4448 0.0137 0.0146 -20.0046
5.0 0.8650 0.1851 0.2710 0.0146 0.0146 -20.0084
5.0 0.8650 0.7930 0.4453 0.0137 0.0137 -20.0414
5.0 0.8646 0.1841 0.8789 0.0146 0.0137 -19.9996
5.0 0.8637 0.3584 0.8789 0.0137 0.0137 -19.9994
5.0 0.8625 0.0981 0.3579 0.0146 0.0146 -20.0669
5.0 0.8621 0.1851 0.4448 0.0146 0.0146 -20.0394
5.0 0.8620 0.2710 0.2710 0.0146 0.0146 -19.9943
5.0 0.8617 0.0981 0.1841 0.0146 0.0146 -20.0353
5.0 0.8610 0.0981 0.7920 0.0146 0.0137 -20.0012
5.0 0.8599 0.8794 0.4448 0.0127 0.0146 -20.0466
5.0 0.8587 0.1841 0.7920 0.0146 0.0137 -19.9996
5.0 0.8587 0.6191 0.3579 0.0137 0.0146 -20.0672
5.0 0.8562 0.3584 0.6187 0.0137 0.0146 -20.0016
5.0 0.8559 0.2710 0.7920 0.0146 0.0137 -20.0005
5.0 0.8554 0.0977 0.2710 0.0137 0.0146 -19.9951
5.0 0.8544 0.0977 0.4448 0.0137 0.0146 -20.0121
5.0 0.8514 0.0981 0.8789 0.0146 0.0137 -20.0008
5.0 0.8513 0.5327 0.7056 0.0146 0.0146 -20.0003
5.0 0.8484 0.0972 0.0977 0.0146 0.0137 -19.9814
5.0 0.8477 0.6191 0.7920 0.0137 0.0137 -20.0011
5.0 0.8465 0.7061 0.6182 0.0137 0.0137 -20.0006
5.0 0.8456 0.6191 0.7046 0.0137 0.0146 -20.0008
5.0 0.8443 0.6191 0.6182 0.0137 0.0137 -20.0002
5.0 0.8438 0.8789 0.6182 0.0137 0.0137 -20.0014
5.0 0.8419 0.4453 0.5317 0.0137 0.0146 -20.0006
5.0 0.8415 0.7061 0.7920 0.0137 0.0137 -20.0027
5.0 0.8399 0.7930 0.5317 0.0137 0.0146 -20.0004
5.0 0.8356 0.5322 0.4448 0.0137 0.0146 -20.0126
5.0 0.8344 0.3584 0.7051 0.0137 0.0137 -20.0021
5.0 0.8308 0.7061 0.5312 0.0137 0.0137 -20.0013
5.0 0.8276 0.5327 0.5317 0.0146 0.0146 -20.0008
5.0 0.8265 0.7061 0.7051 0.0137 0.0137 -20.0094
5.0 0.8209 0.5327 0.6182 0.0146 0.0137 -20.0007
5.0 0.8202 0.8789 0.5317 0.0137 0.0146 -20.0038
5.0 0.8058 0.4453 0.6182 0.0137 0.0137 -20.0037
5.0 0.7951 0.4453 0.7056 0.0137 0.0146 -20.0039
5.0 0.7823 0.6191 0.5312 0.0137 0.0137 -20.0063
