3.0 0.8884 723.00 188.50 14.00 15.00 -39.9786
3.0 0.8826 900.50 100.00 15.00 16.00 -40.0244
3.0 0.8637 100.50 99.50 15.00 15.00 -40.0137
3.0 0.8589 100.50 899.50 15.00 15.00 -40.0680
3.0 0.8466 545.00 188.50 14.00 15.00 -39.9683
3.0 0.8360 811.50 188.50 15.00 15.00 -40.0267
3.0 0.8268 100.50 544.50 15.00 15.00 -40.0934
9.0 0.8266 633.00 811.00 16.00 16.00 19.9778
3.0 0.8122 100.50 188.50 15.00 15.00 -40.0261
3.0 0.8071 100.50 810.50 15.00 15.00 -40.0768
3.0 0.8048 100.50 722.00 15.00 14.00 -40.0853
3.0 0.8045 367.00 366.50 14.00 15.00 -40.0688
3.0 0.8026 900.50 455.50 15.00 15.00 -40.0649
3.0 0.8017 722.50 455.50 15.00 15.00 -40.7076
3.0 0.7975 545.00 899.50 16.00 15.00 -40.0385
3.0 0.7927 189.50 722.00 15.00 14.00 -40.0787
3.0 0.7914 367.00 455.50 14.00 15.00 -40.1540
9.0 0.7909 100.00 277.50 16.00 15.00 19.8995
3.0 0.7903 100.50 455.50 15.00 15.00 -40.0462
3.0 0.7888 722.50 544.50 15.00 15.00 -40.1516
3.0 0.7886 900.50 900.50 15.00 15.00 -40.0390
9.0 0.7860 278.00 277.50 16.00 15.00 19.8422
3.0 0.7791 100.50 633.00 15.00 14.00 -40.0718
3.0 0.7608 545.50 544.00 15.00 16.00 -40.1049
9.0 0.7593 189.00 277.50 16.00 15.00 19.9661
9.0 0.7585 900.00 277.50 16.00 15.00 19.9033
9.0 0.7573 723.00 810.50 16.00 15.00 19.9724
3.0 0.7573 633.50 900.50 15.00 15.00 -39.9856
9.0 0.7566 633.50 722.00 17.00 16.00 19.9464
3.0 0.7562 278.50 188.50 15.00 15.00 -40.0460
3.0 0.7467 811.50 722.50 15.00 15.00 -39.9666
3.0 0.7463 811.50 543.50 15.00 15.00 -40.1491
3.0 0.7405 189.50 544.50 15.00 15.00 -40.3009
3.0 0.7383 100.00 366.50 16.00 15.00 -40.0476
3.0 0.7367 456.50 455.50 15.00 15.00 -40.1358
3.0 0.7353 811.00 99.50 14.00 17.00 -39.8059
3.0 0.7338 545.00 722.50 16.00 15.00 -40.0124
3.0 0.7331 189.00 188.50 16.00 15.00 -40.0433
9.0 0.7316 278.00 188.50 16.00 15.00 19.7911
9.0 0.7284 367.00 188.50 16.00 15.00 19.9428
3.0 0.7210 723.00 277.50 14.00 15.00 -40.1746
9.0 0.7201 722.50 722.50 15.00 15.00 19.8760
3.0 0.7104 189.50 366.50 15.00 15.00 -40.1098
3.0 0.7091 811.00 455.00 16.00 16.00 -40.1918
9.0 0.6974 278.50 366.50 15.00 15.00 19.5365
9.0 0.6953 633.50 366.50 17.00 15.00 19.5164
3.0 0.6945 278.00 722.00 16.00 16.00 -40.2483
9.0 0.6935 634.00 100.50 16.00 15.00 19.9609
9.0 0.6800 456.00 188.50 16.00 15.00 19.8527
9.0 0.6776 900.00 189.00 16.00 16.00 19.9477
3.0 0.6769 545.50 632.50 15.00 15.00 -40.0482
3.0 0.6761 900.50 188.50 15.00 15.00 -40.0186
9.0 0.6627 544.50 811.50 15.00 15.00 19.7117
3.0 0.6435 634.00 188.50 14.00 15.00 -40.0432
3.0 0.6405 721.50 99.50 13.00 15.00 -39.7545
3.0 0.6338 367.00 188.50 16.00 15.00 -40.0718
3.0 0.6297 278.50 455.00 15.00 14.00 -40.1537
9.0 0.6284 277.50 900.00 15.00 14.00 19.7172
9.0 0.6240 367.00 100.00 16.00 16.00 19.5816
9.0 0.6202 545.00 277.50 16.00 15.00 19.7345
3.0 0.6186 723.50 632.50 15.00 15.00 -40.0507
3.0 0.6182 456.00 900.00 14.00 14.00 -40.4097
3.0 0.6136 544.50 99.50 15.00 15.00 -40.1950
9.0 0.6130 366.50 900.00 15.00 14.00 19.8403
3.0 0.5981 545.50 455.50 15.00 15.00 -40.2222
9.0 0.5836 189.00 188.50 16.00 15.00 19.9626
3.0 0.5757 189.50 455.00 15.00 14.00 -40.3325
3.0 0.5708 723.00 366.50 14.00 15.00 -40.2150
9.0 0.5641 456.00 277.50 16.00 15.00 18.8905
9.0 0.5565 633.50 277.50 15.00 15.00 19.5344
9.0 0.5487 367.00 722.50 16.00 15.00 19.4726
3.0 0.5467 366.50 277.50 15.00 15.00 -40.1273
3.0 0.5334 811.50 899.50 15.00 15.00 -40.0697
3.0 0.5302 811.00 632.50 16.00 15.00 -40.0697
9.0 0.5285 811.50 722.00 15.00 16.00 19.4742
9.0 0.5238 900.50 811.00 15.00 14.00 19.9885
3.0 0.5197 100.50 277.00 15.00 14.00 -40.0938
9.0 0.5163 278.00 811.50 14.00 15.00 19.0862
3.0 0.5135 189.00 99.00 16.00 16.00 -40.0993
3.0 0.5099 189.00 277.00 16.00 16.00 -40.1088
9.0 0.5039 455.50 722.00 15.00 14.00 19.3621
3.0 0.4891 545.50 366.50 15.00 15.00 -40.1436
3.0 0.4842 900.50 544.50 15.00 15.00 -40.5992
9.0 0.4832 545.00 366.50 16.00 15.00 19.1139
3.0 0.4828 278.50 277.00 15.00 16.00 -40.1356
3.0 0.4705 366.50 544.50 15.00 15.00 -40.4234
3.0 0.4682 456.00 366.50 14.00 15.00 -40.3478
3.0 0.4623 900.50 632.50 15.00 15.00 -40.1329
9.0 0.4594 366.50 277.50 15.00 15.00 19.6430
9.0 0.4579 366.50 811.50 15.00 15.00 19.5365
3.0 0.4567 456.50 99.50 15.00 15.00 -41.2173
3.0 0.4563 367.00 99.50 16.00 15.00 -40.1470
3.0 0.4384 188.50 899.50 15.00 15.00 -40.2257
3.0 0.4282 367.00 811.00 14.00 14.00 -40.4605
3.0 0.4228 634.50 454.50 15.00 15.00 -40.1644
9.0 0.4105 811.50 811.00 15.00 16.00 17.5708
