3.0 0.8884 0.7061 0.1841 0.0137 0.0146 -39.9786
3.0 0.8826 0.8794 0.0977 0.0146 0.0156 -40.0244
3.0 0.8637 0.0981 0.0972 0.0146 0.0146 -40.0137
3.0 0.8589 0.0981 0.8784 0.0146 0.0146 -40.0680
3.0 0.8466 0.5322 0.1841 0.0137 0.0146 -39.9683
3.0 0.8360 0.7925 0.1841 0.0146 0.0146 -40.0267
3.0 0.8268 0.0981 0.5317 0.0146 0.0146 -40.0934
9.0 0.8266 0.6182 0.7920 0.0156 0.0156 19.9778
3.0 0.8122 0.0981 0.1841 0.0146 0.0146 -40.0261
3.0 0.8071 0.0981 0.7915 0.0146 0.0146 -40.0768
3.0 0.8048 0.0981 0.7051 0.0146 0.0137 -40.0853
3.0 0.8045 0.3584 0.3579 0.0137 0.0146 -40.0688
3.0 0.8026 0.8794 0.4448 0.0146 0.0146 -40.0649
3.0 0.8017 0.7056 0.4448 0.0146 0.0146 -40.7076
3.0 0.7975 0.5322 0.8784 0.0156 0.0146 -40.0385
3.0 0.7927 0.1851 0.7051 0.0146 0.0137 -40.0787
3.0 0.7914 0.3584 0.4448 0.0137 0.0146 -40.1540
9.0 0.7909 0.0977 0.2710 0.0156 0.0146 19.8995
3.0 0.7903 0.0981 0.4448 0.0146 0.0146 -40.0462
3.0 0.7888 0.7056 0.5317 0.0146 0.0146 -40.1516
3.0 0.7886 0.8794 0.8794 0.0146 0.0146 -40.0390
9.0 0.7860 0.2715 0.2710 0.0156 0.0146 19.8422
3.0 0.7791 0.0981 0.6182 0.0146 0.0137 -40.0718
3.0 0.7608 0.5327 0.5312 0.0146 0.0156 -40.1049
9.0 0.7593 0.1846 0.2710 0.0156 0.0146 19.9661
9.0 0.7585 0.8789 0.2710 0.0156 0.0146 19.9033
9.0 0.7573 0.7061 0.7915 0.0156 0.0146 19.9724
3.0 0.7573 0.6187 0.8794 0.0146 0.0146 -39.9856
9.0 0.7566 0.6187 0.7051 0.0166 0.0156 19.9464
3.0 0.7562 0.2720 0.1841 0.0146 0.0146 -40.0460
3.0 0.7467 0.7925 0.7056 0.0146 0.0146 -39.9666
3.0 0.7463 0.7925 0.5308 0.0146 0.0146 -40.1491
3.0 0.7405 0.1851 0.5317 0.0146 0.0146 -40.3009
3.0 0.7383 0.0977 0.3579 0.0156 0.0146 -40.0476
3.0 0.7367 0.4458 0.4448 0.0146 0.0146 -40.1358
3.0 0.7353 0.7920 0.0972 0.0137 0.0166 -39.8059
3.0 0.7338 0.5322 0.7056 0.0156 0.0146 -40.0124
3.0 0.7331 0.1846 0.1841 0.0156 0.0146 -40.0433
9.0 0.7316 0.2715 0.1841 0.0156 0.0146 19.7911
9.0 0.7284 0.3584 0.1841 0.0156 0.0146 19.9428
3.0 0.7210 0.7061 0.2710 0.0137 0.0146 -40.1746
9.0 0.7201 0.7056 0.7056 0.0146 0.0146 19.8760
3.0 0.7104 0.1851 0.3579 0.0146 0.0146 -40.1098
3.0 0.7091 0.7920 0.4443 0.0156 0.0156 -40.1918
9.0 0.6974 0.2720 0.3579 0.0146 0.0146 19.5365
9.0 0.6953 0.6187 0.3579 0.0166 0.0146 19.5164
3.0 0.6945 0.2715 0.7051 0.0156 0.0156 -40.2483
9.0 0.6935 0.6191 0.0981 0.0156 0.0146 19.9609
9.0 0.6800 0.4453 0.1841 0.0156 0.0146 19.8527
9.0 0.6776 0.8789 0.1846 0.0156 0.0156 19.9477
3.0 0.6769 0.5327 0.6177 0.0146 0.0146 -40.0482
3.0 0.6761 0.8794 0.1841 0.0146 0.0146 -40.0186
9.0 0.6627 0.5317 0.7925 0.0146 0.0146 19.7117
3.0 0.6435 0.6191 0.1841 0.0137 0.0146 -40.0432
3.0 0.6405 0.7046 0.0972 0.0127 0.0146 -39.7545
3.0 0.6338 0.3584 0.1841 0.0156 0.0146 -40.0718
3.0 0.6297 0.2720 0.4443 0.0146 0.0137 -40.1537
9.0 0.6284 0.2710 0.8789 0.0146 0.0137 19.7172
9.0 0.6240 0.3584 0.0977 0.0156 0.0156 19.5816
9.0 0.6202 0.5322 0.2710 0.0156 0.0146 19.7345
3.0 0.6186 0.7065 0.6177 0.0146 0.0146 -40.0507
3.0 0.6182 0.4453 0.8789 0.0137 0.0137 -40.4097
3.0 0.6136 0.5317 0.0972 0.0146 0.0146 -40.1950
9.0 0.6130 0.3579 0.8789 0.0146 0.0137 19.8403
3.0 0.5981 0.5327 0.4448 0.0146 0.0146 -40.2222
9.0 0.5836 0.1846 0.1841 0.0156 0.0146 19.9626
3.0 0.5757 0.1851 0.4443 0.0146 0.0137 -40.3325
3.0 0.5708 0.7061 0.3579 0.0137 0.0146 -40.2150
9.0 0.5641 0.4453 0.2710 0.0156 0.0146 18.8905
9.0 0.5565 0.6187 0.2710 0.0146 0.0146 19.5344
9.0 0.5487 0.3584 0.7056 0.0156 0.0146 19.4726
3.0 0.5467 0.3579 0.2710 0.0146 0.0146 -40.1273
3.0 0.5334 0.7925 0.8784 0.0146 0.0146 -40.0697
3.0 0.5302 0.7920 0.6177 0.0156 0.0146 -40.0697
9.0 0.5285 0.7925 0.7051 0.0146 0.0156 19.4742
9.0 0.5238 0.8794 0.7920 0.0146 0.0137 19.9885
3.0 0.5197 0.0981 0.2705 0.0146 0.0137 -40.0938
9.0 0.5163 0.2715 0.7925 0.0137 0.0146 19.0862
3.0 0.5135 0.1846 0.0967 0.0156 0.0156 -40.0993
3.0 0.5099 0.1846 0.2705 0.0156 0.0156 -40.1088
9.0 0.5039 0.4448 0.7051 0.0146 0.0137 19.3621
3.0 0.4891 0.5327 0.3579 0.0146 0.0146 -40.1436
3.0 0.4842 0.8794 0.5317 0.0146 0.0146 -40.5992
9.0 0.4832 0.5322 0.3579 0.0156 0.0146 19.1139
3.0 0.4828 0.2720 0.2705 0.0146 0.0156 -40.1356
3.0 0.4705 0.3579 0.5317 0.0146 0.0146 -40.4234
3.0 0.4682 0.4453 0.3579 0.0137 0.0146 -40.3478
3.0 0.4623 0.8794 0.6177 0.0146 0.0146 -40.1329
9.0 0.4594 0.3579 0.2710 0.0146 0.0146 19.6430
9.0 0.4579 0.3579 0.7925 0.0146 0.0146 19.5365
3.0 0.4567 0.4458 0.0972 0.0146 0.0146 -41.2173
3.0 0.4563 0.3584 0.0972 0.0156 0.0146 -40.1470
3.0 0.4384 0.1841 0.8784 0.0146 0.0146 -40.2257
3.0 0.4282 0.3584 0.7920 0.0137 0.0137 -40.4605
3.0 0.4228 0.6196 0.4438 0.0146 0.0146 -40.1644
9.0 0.4105 0.7925 0.7920 0.0146 0.0156 17.5708
