2.0 0.9129 0.3589 0.7051 0.0186 0.0176 -49.7640
2.0 0.9038 0.5322 0.5322 0.0176 0.0176 -49.9016
2.0 0.9017 0.7056 0.5317 0.0186 0.0186 -49.7760
3.0 0.8993 0.7925 0.2715 0.0166 0.0176 -40.9761
3.0 0.8954 0.3589 0.6182 0.0166 0.0176 -40.5252
3.0 0.8945 0.7925 0.7920 0.0146 0.0176 -40.1820
2.0 0.8941 0.7061 0.2715 0.0176 0.0176 -49.7216
3.0 0.8921 0.3589 0.3574 0.0166 0.0176 -40.5096
2.0 0.8921 0.1855 0.3574 0.0176 0.0176 -48.6241
2.0 0.8888 0.7061 0.4453 0.0176 0.0176 -50.2025
2.0 0.8872 0.8794 0.4453 0.0186 0.0176 -50.1666
2.0 0.8865 0.6191 0.5317 0.0176 0.0166 -49.7334
2.0 0.8833 0.7061 0.1846 0.0176 0.0176 -49.6647
2.0 0.8787 0.7930 0.4453 0.0176 0.0176 -50.2696
2.0 0.8753 0.0981 0.3584 0.0186 0.0176 -50.1204
3.0 0.8706 0.4453 0.5312 0.0176 0.0176 -41.2616
2.0 0.8682 0.1851 0.5317 0.0186 0.0186 -50.2856
2.0 0.8668 0.6191 0.2715 0.0176 0.0176 -49.5748
2.0 0.8641 0.5322 0.4453 0.0176 0.0176 -50.3295
3.0 0.8576 0.7915 0.7041 0.0166 0.0176 -40.0483
2.0 0.8553 0.8794 0.6187 0.0186 0.0186 -50.3086
3.0 0.8512 0.0977 0.8789 0.0176 0.0176 -42.0493
2.0 0.8511 0.0986 0.1846 0.0176 0.0176 -50.5448
3.0 0.8493 0.8794 0.7910 0.0166 0.0176 -41.0203
3.0 0.8466 0.4458 0.3574 0.0166 0.0176 -42.8908
3.0 0.8440 0.8784 0.0967 0.0166 0.0176 -40.8402
2.0 0.8437 0.0986 0.4453 0.0176 0.0176 -50.3638
3.0 0.8353 0.2725 0.1836 0.0176 0.0176 -42.8198
2.0 0.8338 0.1851 0.4453 0.0186 0.0176 -50.5565
2.0 0.8294 0.6191 0.6191 0.0176 0.0176 -50.2772
3.0 0.8292 0.4453 0.8779 0.0176 0.0176 -40.7454
2.0 0.8278 0.2715 0.8789 0.0176 0.0176 -50.2634
2.0 0.8276 0.1851 0.1846 0.0186 0.0176 -47.6776
2.0 0.8274 0.0986 0.6191 0.0176 0.0176 -50.7135
3.0 0.8265 0.8794 0.2715 0.0166 0.0176 -42.2002
2.0 0.8249 0.8794 0.3579 0.0186 0.0186 -49.4475
2.0 0.8249 0.2720 0.0977 0.0166 0.0176 -49.4266
3.0 0.8169 0.3589 0.7915 0.0166 0.0166 -41.0446
3.0 0.8146 0.3594 0.5312 0.0176 0.0176 -43.5836
2.0 0.8115 0.6191 0.3584 0.0176 0.0176 -49.6018
2.0 0.8109 0.4453 0.4453 0.0176 0.0176 -49.1961
2.0 0.8019 0.7925 0.5312 0.0186 0.0176 -48.7932
2.0 0.8016 0.7056 0.3584 0.0186 0.0176 -48.5618
2.0 0.7993 0.8794 0.1846 0.0186 0.0176 -48.9469
3.0 0.7992 0.7915 0.8784 0.0166 0.0166 -40.7501
3.0 0.7970 0.8779 0.8774 0.0176 0.0186 -40.6819
2.0 0.7951 0.4453 0.6187 0.0176 0.0166 -50.4738
3.0 0.7888 0.7915 0.0977 0.0166 0.0176 -41.0724
2.0 0.7886 0.0986 0.2710 0.0176 0.0166 -47.7551
3.0 0.7853 0.5322 0.3574 0.0176 0.0176 -42.1613
3.0 0.7850 0.2720 0.7051 0.0166 0.0176 -42.2982
2.0 0.7844 0.1846 0.8784 0.0176 0.0186 -47.2550
2.0 0.7819 0.0981 0.7051 0.0186 0.0176 -48.8224
3.0 0.7813 0.4453 0.7046 0.0176 0.0166 -42.8858
2.0 0.7776 0.1846 0.0977 0.0176 0.0176 -51.5059
3.0 0.7742 0.3584 0.8784 0.0176 0.0166 -43.4044
3.0 0.7720 0.7046 0.0977 0.0166 0.0176 -40.8562
2.0 0.7611 0.8794 0.5322 0.0186 0.0176 -51.5494
2.0 0.7610 0.2715 0.6182 0.0176 0.0176 -46.8561
2.0 0.7580 0.1851 0.7061 0.0186 0.0176 -50.8564
3.0 0.7563 0.3589 0.4443 0.0166 0.0176 -43.7617
2.0 0.7507 0.2720 0.3584 0.0186 0.0176 -50.4188
2.0 0.7445 0.1855 0.6191 0.0176 0.0176 -51.6071
2.0 0.7437 0.4453 0.7041 0.0176 0.0176 -51.5401
3.0 0.7400 0.7920 0.1846 0.0156 0.0176 -41.1888
3.0 0.7350 0.8784 0.7041 0.0166 0.0176 -41.2189
2.0 0.7344 0.6191 0.4453 0.0176 0.0176 -51.0442
3.0 0.7308 0.7061 0.3584 0.0176 0.0176 -43.4454
2.0 0.7244 0.7930 0.3584 0.0176 0.0176 -48.8865
3.0 0.7236 0.2720 0.3574 0.0166 0.0176 -42.0080
3.0 0.7205 0.4458 0.1841 0.0166 0.0166 -42.3673
2.0 0.7195 0.5322 0.1846 0.0176 0.0176 -49.4365
2.0 0.7160 0.7930 0.6191 0.0176 0.0176 -48.8048
2.0 0.7150 0.4453 0.2715 0.0176 0.0176 -50.5393
3.0 0.7114 0.2715 0.5317 0.0156 0.0166 -41.6080
2.0 0.7107 0.6191 0.1846 0.0176 0.0176 -50.5640
2.0 0.7093 0.5322 0.2715 0.0176 0.0176 -49.2731
3.0 0.7060 0.1851 0.2715 0.0166 0.0176 -41.7384
2.0 0.7045 0.4453 0.3579 0.0176 0.0186 -47.0800
2.0 0.6978 0.6191 0.8794 0.0176 0.0186 -48.2765
2.0 0.6963 0.2720 0.4448 0.0166 0.0166 -51.2268
3.0 0.6944 0.5322 0.7915 0.0156 0.0186 -43.0885
2.0 0.6904 0.2720 0.5317 0.0166 0.0166 -51.0936
3.0 0.6872 0.3589 0.2715 0.0166 0.0176 -41.8609
2.0 0.6800 0.0977 0.7920 0.0176 0.0176 -49.3835
2.0 0.6756 0.0986 0.5322 0.0176 0.0176 -51.9767
2.0 0.6691 0.7056 0.7925 0.0186 0.0186 -49.0639
3.0 0.6631 0.0972 0.7920 0.0166 0.0176 -41.8544
3.0 0.6629 0.1846 0.7920 0.0176 0.0176 -42.3631
2.0 0.6606 0.7056 0.8789 0.0186 0.0176 -47.1493
3.0 0.6594 0.5322 0.6177 0.0176 0.0166 -42.9250
3.0 0.6546 0.1846 0.7061 0.0176 0.0176 -43.6378
2.0 0.6486 0.7056 0.7051 0.0186 0.0176 -47.1997
2.0 0.6486 0.0981 0.0977 0.0186 0.0176 -50.8302
3.0 0.6463 0.7041 0.8789 0.0176 0.0176 -42.8651
2.0 0.6424 0.5322 0.7920 0.0176 0.0176 -48.7931
3.0 0.6396 0.0981 0.2710 0.0166 0.0166 -41.3484
2.0 0.6369 0.3584 0.5312 0.0176 0.0176 -46.3401
3.0 0.6325 0.3584 0.1836 0.0176 0.0176 -40.9775
2.0 0.6317 0.2715 0.7925 0.0176 0.0166 -50.9078
2.0 0.6204 0.6191 0.0977 0.0176 0.0176 -51.3146
2.0 0.6190 0.2725 0.2710 0.0176 0.0166 -47.2555
3.0 0.6159 0.2710 0.7920 0.0166 0.0176 -43.1360
3.0 0.6131 0.6191 0.7915 0.0156 0.0186 -42.8775
2.0 0.6048 0.3589 0.1836 0.0166 0.0176 -45.5158
2.0 0.6029 0.2720 0.7056 0.0166 0.0166 -51.5448
3.0 0.5977 0.7041 0.7051 0.0176 0.0176 -42.4445
3.0 0.5784 0.4453 0.7910 0.0176 0.0176 -43.4487
3.0 0.5768 0.0977 0.7056 0.0156 0.0166 -43.9446
2.0 0.5720 0.4453 0.7920 0.0176 0.0176 -48.2684
3.0 0.5690 0.7056 0.7915 0.0166 0.0186 -42.8214
2.0 0.5684 0.8799 0.0977 0.0176 0.0176 -47.8675
2.0 0.5628 0.7056 0.6182 0.0186 0.0176 -46.9488
3.0 0.5620 0.4458 0.0972 0.0166 0.0166 -42.2614
2.0 0.5597 0.2715 0.1846 0.0176 0.0176 -47.2556
3.0 0.5577 0.7046 0.6182 0.0166 0.0176 -41.9230
2.0 0.5576 0.5322 0.3584 0.0176 0.0176 -46.9297
2.0 0.5392 0.3589 0.0977 0.0166 0.0176 -47.4443
2.0 0.5370 0.4453 0.5312 0.0176 0.0176 -45.3052
2.0 0.5359 0.1851 0.2715 0.0186 0.0176 -47.7929
3.0 0.5342 0.6191 0.5322 0.0176 0.0176 -44.8109
3.0 0.5309 0.8784 0.1846 0.0166 0.0176 -43.3489
3.0 0.5288 0.6196 0.3574 0.0166 0.0176 -44.6356
2.0 0.5280 0.8794 0.7920 0.0186 0.0176 -46.3705
3.0 0.5232 0.4458 0.4443 0.0166 0.0176 -43.9082
3.0 0.5207 0.5327 0.2705 0.0166 0.0176 -42.9653
2.0 0.5128 0.7061 0.0977 0.0176 0.0176 -48.1934
2.0 0.5091 0.8789 0.7051 0.0176 0.0176 -45.8720
2.0 0.4968 0.3589 0.8784 0.0166 0.0186 -48.2293
3.0 0.4954 0.4458 0.6182 0.0166 0.0176 -44.0621
3.0 0.4940 0.2715 0.6187 0.0156 0.0166 -44.4783
3.0 0.4857 0.6172 0.8789 0.0176 0.0176 -44.0275
2.0 0.4814 0.5317 0.7056 0.0186 0.0166 -52.7448
2.0 0.4780 0.0977 0.8789 0.0176 0.0176 -45.9601
3.0 0.4766 0.6177 0.0977 0.0166 0.0176 -43.3575
2.0 0.4764 0.3584 0.4453 0.0176 0.0176 -45.6112
3.0 0.4756 0.7915 0.3584 0.0166 0.0176 -44.0284
2.0 0.4702 0.6191 0.7041 0.0176 0.0176 -52.0934
2.0 0.4686 0.1846 0.7925 0.0176 0.0166 -52.2259
3.0 0.4639 0.2720 0.2715 0.0166 0.0176 -43.9984
3.0 0.4599 0.5317 0.8784 0.0166 0.0186 -42.6600
3.0 0.4533 0.3584 0.0972 0.0176 0.0186 -41.2408
2.0 0.4025 0.8794 0.2705 0.0166 0.0176 -45.4225
