2.0 0.9129 367.50 722.00 19.00 18.00 -49.7640
2.0 0.9038 545.00 545.00 18.00 18.00 -49.9016
2.0 0.9017 722.50 544.50 19.00 19.00 -49.7760
3.0 0.8993 811.50 278.00 17.00 18.00 -40.9761
3.0 0.8954 367.50 633.00 17.00 18.00 -40.5252
3.0 0.8945 811.50 811.00 15.00 18.00 -40.1820
2.0 0.8941 723.00 278.00 18.00 18.00 -49.7216
3.0 0.8921 367.50 366.00 17.00 18.00 -40.5096
2.0 0.8921 190.00 366.00 18.00 18.00 -48.6241
2.0 0.8888 723.00 456.00 18.00 18.00 -50.2025
2.0 0.8872 900.50 456.00 19.00 18.00 -50.1666
2.0 0.8865 634.00 544.50 18.00 17.00 -49.7334
2.0 0.8833 723.00 189.00 18.00 18.00 -49.6647
2.0 0.8787 812.00 456.00 18.00 18.00 -50.2696
2.0 0.8753 100.50 367.00 19.00 18.00 -50.1204
3.0 0.8706 456.00 544.00 18.00 18.00 -41.2616
2.0 0.8682 189.50 544.50 19.00 19.00 -50.2856
2.0 0.8668 634.00 278.00 18.00 18.00 -49.5748
2.0 0.8641 545.00 456.00 18.00 18.00 -50.3295
3.0 0.8576 810.50 721.00 17.00 18.00 -40.0483
2.0 0.8553 900.50 633.50 19.00 19.00 -50.3086
3.0 0.8512 100.00 900.00 18.00 18.00 -42.0493
2.0 0.8511 101.00 189.00 18.00 18.00 -50.5448
3.0 0.8493 900.50 810.00 17.00 18.00 -41.0203
3.0 0.8466 456.50 366.00 17.00 18.00 -42.8908
3.0 0.8440 899.50 99.00 17.00 18.00 -40.8402
2.0 0.8437 101.00 456.00 18.00 18.00 -50.3638
3.0 0.8353 279.00 188.00 18.00 18.00 -42.8198
2.0 0.8338 189.50 456.00 19.00 18.00 -50.5565
2.0 0.8294 634.00 634.00 18.00 18.00 -50.2772
3.0 0.8292 456.00 899.00 18.00 18.00 -40.7454
2.0 0.8278 278.00 900.00 18.00 18.00 -50.2634
2.0 0.8276 189.50 189.00 19.00 18.00 -47.6776
2.0 0.8274 101.00 634.00 18.00 18.00 -50.7135
3.0 0.8265 900.50 278.00 17.00 18.00 -42.2002
2.0 0.8249 900.50 366.50 19.00 19.00 -49.4475
2.0 0.8249 278.50 100.00 17.00 18.00 -49.4266
3.0 0.8169 367.50 810.50 17.00 17.00 -41.0446
3.0 0.8146 368.00 544.00 18.00 18.00 -43.5836
2.0 0.8115 634.00 367.00 18.00 18.00 -49.6018
2.0 0.8109 456.00 456.00 18.00 18.00 -49.1961
2.0 0.8019 811.50 544.00 19.00 18.00 -48.7932
2.0 0.8016 722.50 367.00 19.00 18.00 -48.5618
2.0 0.7993 900.50 189.00 19.00 18.00 -48.9469
3.0 0.7992 810.50 899.50 17.00 17.00 -40.7501
3.0 0.7970 899.00 898.50 18.00 19.00 -40.6819
2.0 0.7951 456.00 633.50 18.00 17.00 -50.4738
3.0 0.7888 810.50 100.00 17.00 18.00 -41.0724
2.0 0.7886 101.00 277.50 18.00 17.00 -47.7551
3.0 0.7853 545.00 366.00 18.00 18.00 -42.1613
3.0 0.7850 278.50 722.00 17.00 18.00 -42.2982
2.0 0.7844 189.00 899.50 18.00 19.00 -47.2550
2.0 0.7819 100.50 722.00 19.00 18.00 -48.8224
3.0 0.7813 456.00 721.50 18.00 17.00 -42.8858
2.0 0.7776 189.00 100.00 18.00 18.00 -51.5059
3.0 0.7742 367.00 899.50 18.00 17.00 -43.4044
3.0 0.7720 721.50 100.00 17.00 18.00 -40.8562
2.0 0.7611 900.50 545.00 19.00 18.00 -51.5494
2.0 0.7610 278.00 633.00 18.00 18.00 -46.8561
2.0 0.7580 189.50 723.00 19.00 18.00 -50.8564
3.0 0.7563 367.50 455.00 17.00 18.00 -43.7617
2.0 0.7507 278.50 367.00 19.00 18.00 -50.4188
2.0 0.7445 190.00 634.00 18.00 18.00 -51.6071
2.0 0.7437 456.00 721.00 18.00 18.00 -51.5401
3.0 0.7400 811.00 189.00 16.00 18.00 -41.1888
3.0 0.7350 899.50 721.00 17.00 18.00 -41.2189
2.0 0.7344 634.00 456.00 18.00 18.00 -51.0442
3.0 0.7308 723.00 367.00 18.00 18.00 -43.4454
2.0 0.7244 812.00 367.00 18.00 18.00 -48.8865
3.0 0.7236 278.50 366.00 17.00 18.00 -42.0080
3.0 0.7205 456.50 188.50 17.00 17.00 -42.3673
2.0 0.7195 545.00 189.00 18.00 18.00 -49.4365
2.0 0.7160 812.00 634.00 18.00 18.00 -48.8048
2.0 0.7150 456.00 278.00 18.00 18.00 -50.5393
3.0 0.7114 278.00 544.50 16.00 17.00 -41.6080
2.0 0.7107 634.00 189.00 18.00 18.00 -50.5640
2.0 0.7093 545.00 278.00 18.00 18.00 -49.2731
3.0 0.7060 189.50 278.00 17.00 18.00 -41.7384
2.0 0.7045 456.00 366.50 18.00 19.00 -47.0800
2.0 0.6978 634.00 900.50 18.00 19.00 -48.2765
2.0 0.6963 278.50 455.50 17.00 17.00 -51.2268
3.0 0.6944 545.00 810.50 16.00 19.00 -43.0885
2.0 0.6904 278.50 544.50 17.00 17.00 -51.0936
3.0 0.6872 367.50 278.00 17.00 18.00 -41.8609
2.0 0.6800 100.00 811.00 18.00 18.00 -49.3835
2.0 0.6756 101.00 545.00 18.00 18.00 -51.9767
2.0 0.6691 722.50 811.50 19.00 19.00 -49.0639
3.0 0.6631 99.50 811.00 17.00 18.00 -41.8544
3.0 0.6629 189.00 811.00 18.00 18.00 -42.3631
2.0 0.6606 722.50 900.00 19.00 18.00 -47.1493
3.0 0.6594 545.00 632.50 18.00 17.00 -42.9250
3.0 0.6546 189.00 723.00 18.00 18.00 -43.6378
2.0 0.6486 722.50 722.00 19.00 18.00 -47.1997
2.0 0.6486 100.50 100.00 19.00 18.00 -50.8302
3.0 0.6463 721.00 900.00 18.00 18.00 -42.8651
2.0 0.6424 545.00 811.00 18.00 18.00 -48.7931
3.0 0.6396 100.50 277.50 17.00 17.00 -41.3484
2.0 0.6369 367.00 544.00 18.00 18.00 -46.3401
3.0 0.6325 367.00 188.00 18.00 18.00 -40.9775
2.0 0.6317 278.00 811.50 18.00 17.00 -50.9078
2.0 0.6204 634.00 100.00 18.00 18.00 -51.3146
2.0 0.6190 279.00 277.50 18.00 17.00 -47.2555
3.0 0.6159 277.50 811.00 17.00 18.00 -43.1360
3.0 0.6131 634.00 810.50 16.00 19.00 -42.8775
2.0 0.6048 367.50 188.00 17.00 18.00 -45.5158
2.0 0.6029 278.50 722.50 17.00 17.00 -51.5448
3.0 0.5977 721.00 722.00 18.00 18.00 -42.4445
3.0 0.5784 456.00 810.00 18.00 18.00 -43.4487
3.0 0.5768 100.00 722.50 16.00 17.00 -43.9446
2.0 0.5720 456.00 811.00 18.00 18.00 -48.2684
3.0 0.5690 722.50 810.50 17.00 19.00 -42.8214
2.0 0.5684 901.00 100.00 18.00 18.00 -47.8675
2.0 0.5628 722.50 633.00 19.00 18.00 -46.9488
3.0 0.5620 456.50 99.50 17.00 17.00 -42.2614
2.0 0.5597 278.00 189.00 18.00 18.00 -47.2556
3.0 0.5577 721.50 633.00 17.00 18.00 -41.9230
2.0 0.5576 545.00 367.00 18.00 18.00 -46.9297
2.0 0.5392 367.50 100.00 17.00 18.00 -47.4443
2.0 0.5370 456.00 544.00 18.00 18.00 -45.3052
2.0 0.5359 189.50 278.00 19.00 18.00 -47.7929
3.0 0.5342 634.00 545.00 18.00 18.00 -44.8109
3.0 0.5309 899.50 189.00 17.00 18.00 -43.3489
3.0 0.5288 634.50 366.00 17.00 18.00 -44.6356
2.0 0.5280 900.50 811.00 19.00 18.00 -46.3705
3.0 0.5232 456.50 455.00 17.00 18.00 -43.9082
3.0 0.5207 545.50 277.00 17.00 18.00 -42.9653
2.0 0.5128 723.00 100.00 18.00 18.00 -48.1934
2.0 0.5091 900.00 722.00 18.00 18.00 -45.8720
2.0 0.4968 367.50 899.50 17.00 19.00 -48.2293
3.0 0.4954 456.50 633.00 17.00 18.00 -44.0621
3.0 0.4940 278.00 633.50 16.00 17.00 -44.4783
3.0 0.4857 632.00 900.00 18.00 18.00 -44.0275
2.0 0.4814 544.50 722.50 19.00 17.00 -52.7448
2.0 0.4780 100.00 900.00 18.00 18.00 -45.9601
3.0 0.4766 632.50 100.00 17.00 18.00 -43.3575
2.0 0.4764 367.00 456.00 18.00 18.00 -45.6112
3.0 0.4756 810.50 367.00 17.00 18.00 -44.0284
2.0 0.4702 634.00 721.00 18.00 18.00 -52.0934
2.0 0.4686 189.00 811.50 18.00 17.00 -52.2259
3.0 0.4639 278.50 278.00 17.00 18.00 -43.9984
3.0 0.4599 544.50 899.50 17.00 19.00 -42.6600
3.0 0.4533 367.00 99.50 18.00 19.00 -41.2408
2.0 0.4025 900.50 277.00 17.00 18.00 -45.4225
