2.0 0.9593 0.0981 0.4448 0.0205 0.0205 -49.9832
2.0 0.9567 0.7925 0.1841 0.0225 0.0225 -50.0153
2.0 0.9543 0.8799 0.4448 0.0215 0.0225 -50.0010
2.0 0.9541 0.7930 0.3584 0.0215 0.0215 -50.0041
2.0 0.9524 0.7930 0.4453 0.0215 0.0215 -50.0075
2.0 0.9522 0.8799 0.3579 0.0215 0.0225 -50.0046
2.0 0.9507 0.7930 0.0977 0.0215 0.0215 -50.0099
2.0 0.9496 0.8799 0.8789 0.0215 0.0215 -50.0006
2.0 0.9483 0.8804 0.0981 0.0225 0.0225 -50.0007
2.0 0.9483 0.7930 0.2715 0.0215 0.0215 -50.0282
2.0 0.9480 0.8799 0.2715 0.0215 0.0215 -50.0527
2.0 0.9463 0.7061 0.3579 0.0215 0.0225 -50.0242
2.0 0.9457 0.7056 0.1841 0.0225 0.0225 -50.0406
2.0 0.9452 0.7930 0.8789 0.0215 0.0215 -50.0053
2.0 0.9452 0.8804 0.1841 0.0225 0.0225 -50.0059
2.0 0.9449 0.6191 0.3579 0.0215 0.0225 -50.0400
2.0 0.9442 0.0986 0.3589 0.0215 0.0205 -50.0203
2.0 0.9427 0.6191 0.1841 0.0215 0.0225 -49.9556
2.0 0.9423 0.7061 0.6191 0.0215 0.0215 -50.0036
2.0 0.9412 0.2725 0.4453 0.0215 0.0215 -49.9804
2.0 0.9412 0.7061 0.4453 0.0215 0.0215 -50.0109
2.0 0.9398 0.8794 0.5312 0.0225 0.0215 -50.0008
2.0 0.9396 0.3584 0.3579 0.0215 0.0205 -49.9740
2.0 0.9395 0.1855 0.1841 0.0215 0.0205 -50.0037
2.0 0.9395 0.8799 0.7051 0.0215 0.0215 -50.0012
2.0 0.9393 0.8799 0.7920 0.0215 0.0215 -50.0113
2.0 0.9392 0.7930 0.6191 0.0215 0.0215 -50.0043
2.0 0.9389 0.3589 0.1841 0.0225 0.0205 -49.9884
2.0 0.9389 0.4453 0.4453 0.0215 0.0215 -50.2085
2.0 0.9387 0.2725 0.1841 0.0215 0.0205 -49.9717
2.0 0.9377 0.0981 0.8789 0.0205 0.0215 -49.9987
2.0 0.9375 0.4458 0.2715 0.0225 0.0215 -50.0215
2.0 0.9375 0.4453 0.5317 0.0215 0.0205 -50.0211
2.0 0.9372 0.3584 0.7051 0.0215 0.0215 -50.0038
2.0 0.9372 0.2725 0.3574 0.0215 0.0215 -49.8101
2.0 0.9366 0.5322 0.4448 0.0215 0.0205 -50.0037
2.0 0.9365 0.2720 0.6187 0.0205 0.0205 -49.9793
2.0 0.9362 0.6191 0.6187 0.0215 0.0205 -50.0018
2.0 0.9360 0.4453 0.1841 0.0215 0.0225 -50.0096
2.0 0.9357 0.3584 0.2710 0.0215 0.0205 -49.9132
2.0 0.9357 0.7930 0.7051 0.0215 0.0215 -50.0208
2.0 0.9354 0.1851 0.4453 0.0205 0.0195 -49.9430
2.0 0.9353 0.6196 0.4453 0.0205 0.0215 -50.0362
2.0 0.9342 0.0986 0.0977 0.0215 0.0215 -50.0078
2.0 0.9339 0.2720 0.2710 0.0225 0.0205 -49.9706
2.0 0.9339 0.5317 0.1841 0.0225 0.0225 -49.9839
2.0 0.9337 0.3584 0.5322 0.0215 0.0215 -50.0065
2.0 0.9336 0.2725 0.0977 0.0215 0.0215 -49.9758
2.0 0.9332 0.5322 0.3584 0.0215 0.0215 -50.0282
2.0 0.9323 0.7061 0.7051 0.0215 0.0215 -50.0181
2.0 0.9321 0.8799 0.6182 0.0215 0.0215 -50.0018
2.0 0.9320 0.5322 0.5317 0.0215 0.0205 -50.0354
2.0 0.9319 0.7930 0.7920 0.0215 0.0215 -50.0707
2.0 0.9315 0.1851 0.3584 0.0225 0.0215 -50.0115
2.0 0.9313 0.3584 0.4443 0.0215 0.0215 -49.9188
2.0 0.9312 0.2715 0.7051 0.0215 0.0215 -49.9911
2.0 0.9312 0.6191 0.5317 0.0215 0.0205 -50.0064
2.0 0.9311 0.0981 0.5317 0.0205 0.0205 -50.0038
2.0 0.9308 0.1851 0.6187 0.0225 0.0205 -50.0102
2.0 0.9300 0.0991 0.6191 0.0205 0.0195 -50.0353
2.0 0.9297 0.1851 0.5322 0.0225 0.0215 -50.0269
2.0 0.9289 0.5322 0.8784 0.0215 0.0205 -50.0056
2.0 0.9289 0.3584 0.6191 0.0215 0.0215 -50.0073
2.0 0.9286 0.0981 0.2710 0.0205 0.0225 -50.0274
2.0 0.9283 0.7061 0.5322 0.0215 0.0215 -50.0685
2.0 0.9279 0.0986 0.1846 0.0215 0.0215 -50.0312
2.0 0.9277 0.7930 0.5312 0.0215 0.0215 -50.0285
2.0 0.9275 0.3589 0.0977 0.0225 0.0215 -50.0086
2.0 0.9265 0.5322 0.0972 0.0215 0.0225 -50.0136
2.0 0.9259 0.2720 0.7920 0.0225 0.0215 -49.9714
2.0 0.9256 0.1851 0.8789 0.0225 0.0215 -50.0140
2.0 0.9240 0.1855 0.0977 0.0215 0.0215 -50.0100
2.0 0.9240 0.0981 0.7051 0.0205 0.0215 -50.0020
2.0 0.9239 0.6191 0.8789 0.0215 0.0215 -50.1368
2.0 0.9233 0.5322 0.6187 0.0215 0.0205 -50.0129
2.0 0.9232 0.3584 0.8789 0.0215 0.0215 -50.0090
2.0 0.9230 0.1846 0.2715 0.0215 0.0215 -50.2017
2.0 0.9220 0.4453 0.6191 0.0215 0.0215 -50.0225
2.0 0.9219 0.3584 0.7920 0.0215 0.0215 -50.0190
2.0 0.9218 0.7061 0.0977 0.0215 0.0215 -50.1259
2.0 0.9216 0.7061 0.2715 0.0215 0.0215 -50.1821
2.0 0.9214 0.6191 0.7051 0.0215 0.0215 -50.2448
2.0 0.9205 0.2725 0.5312 0.0215 0.0215 -49.9652
2.0 0.9201 0.5322 0.2715 0.0215 0.0215 -50.0492
2.0 0.9200 0.7061 0.8789 0.0215 0.0215 -50.1460
2.0 0.9195 0.0981 0.7920 0.0205 0.0215 -50.0061
2.0 0.9193 0.6187 0.2710 0.0225 0.0225 -50.0900
2.0 0.9190 0.5327 0.7920 0.0205 0.0215 -50.0643
2.0 0.9187 0.1855 0.7051 0.0215 0.0215 -50.0483
2.0 0.9173 0.2715 0.8789 0.0215 0.0215 -50.0180
2.0 0.9168 0.4458 0.0977 0.0225 0.0215 -50.0274
2.0 0.9159 0.6191 0.0977 0.0215 0.0215 -50.0667
2.0 0.9153 0.4453 0.3579 0.0215 0.0225 -50.0597
2.0 0.9126 0.7061 0.7920 0.0215 0.0215 -50.3914
2.0 0.9098 0.5322 0.7056 0.0215 0.0205 -50.0396
2.0 0.9084 0.4453 0.7046 0.0215 0.0205 -50.0573
2.0 0.9069 0.1851 0.7920 0.0205 0.0215 -50.0999
2.0 0.9058 0.4453 0.7920 0.0215 0.0215 -50.1494
2.0 0.9041 0.4453 0.8784 0.0215 0.0205 -50.0661
2.0 0.8382 0.6191 0.7920 0.0215 0.0215 -51.5321
