2.0 0.9593 100.50 455.50 21.00 21.00 -49.9832
2.0 0.9567 811.50 188.50 23.00 23.00 -50.0153
2.0 0.9543 901.00 455.50 22.00 23.00 -50.0010
2.0 0.9541 812.00 367.00 22.00 22.00 -50.0041
2.0 0.9524 812.00 456.00 22.00 22.00 -50.0075
2.0 0.9522 901.00 366.50 22.00 23.00 -50.0046
2.0 0.9507 812.00 100.00 22.00 22.00 -50.0099
2.0 0.9496 901.00 900.00 22.00 22.00 -50.0006
2.0 0.9483 901.50 100.50 23.00 23.00 -50.0007
2.0 0.9483 812.00 278.00 22.00 22.00 -50.0282
2.0 0.9480 901.00 278.00 22.00 22.00 -50.0527
2.0 0.9463 723.00 366.50 22.00 23.00 -50.0242
2.0 0.9457 722.50 188.50 23.00 23.00 -50.0406
2.0 0.9452 812.00 900.00 22.00 22.00 -50.0053
2.0 0.9452 901.50 188.50 23.00 23.00 -50.0059
2.0 0.9449 634.00 366.50 22.00 23.00 -50.0400
2.0 0.9442 101.00 367.50 22.00 21.00 -50.0203
2.0 0.9427 634.00 188.50 22.00 23.00 -49.9556
2.0 0.9423 723.00 634.00 22.00 22.00 -50.0036
2.0 0.9412 279.00 456.00 22.00 22.00 -49.9804
2.0 0.9412 723.00 456.00 22.00 22.00 -50.0109
2.0 0.9398 900.50 544.00 23.00 22.00 -50.0008
2.0 0.9396 367.00 366.50 22.00 21.00 -49.9740
2.0 0.9395 190.00 188.50 22.00 21.00 -50.0037
2.0 0.9395 901.00 722.00 22.00 22.00 -50.0012
2.0 0.9393 901.00 811.00 22.00 22.00 -50.0113
2.0 0.9392 812.00 634.00 22.00 22.00 -50.0043
2.0 0.9389 367.50 188.50 23.00 21.00 -49.9884
2.0 0.9389 456.00 456.00 22.00 22.00 -50.2085
2.0 0.9387 279.00 188.50 22.00 21.00 -49.9717
2.0 0.9377 100.50 900.00 21.00 22.00 -49.9987
2.0 0.9375 456.50 278.00 23.00 22.00 -50.0215
2.0 0.9375 456.00 544.50 22.00 21.00 -50.0211
2.0 0.9372 367.00 722.00 22.00 22.00 -50.0038
2.0 0.9372 279.00 366.00 22.00 22.00 -49.8101
2.0 0.9366 545.00 455.50 22.00 21.00 -50.0037
2.0 0.9365 278.50 633.50 21.00 21.00 -49.9793
2.0 0.9362 634.00 633.50 22.00 21.00 -50.0018
2.0 0.9360 456.00 188.50 22.00 23.00 -50.0096
2.0 0.9357 367.00 277.50 22.00 21.00 -49.9132
2.0 0.9357 812.00 722.00 22.00 22.00 -50.0208
2.0 0.9354 189.50 456.00 21.00 20.00 -49.9430
2.0 0.9353 634.50 456.00 21.00 22.00 -50.0362
2.0 0.9342 101.00 100.00 22.00 22.00 -50.0078
2.0 0.9339 278.50 277.50 23.00 21.00 -49.9706
2.0 0.9339 544.50 188.50 23.00 23.00 -49.9839
2.0 0.9337 367.00 545.00 22.00 22.00 -50.0065
2.0 0.9336 279.00 100.00 22.00 22.00 -49.9758
2.0 0.9332 545.00 367.00 22.00 22.00 -50.0282
2.0 0.9323 723.00 722.00 22.00 22.00 -50.0181
2.0 0.9321 901.00 633.00 22.00 22.00 -50.0018
2.0 0.9320 545.00 544.50 22.00 21.00 -50.0354
2.0 0.9319 812.00 811.00 22.00 22.00 -50.0707
2.0 0.9315 189.50 367.00 23.00 22.00 -50.0115
2.0 0.9313 367.00 455.00 22.00 22.00 -49.9188
2.0 0.9312 278.00 722.00 22.00 22.00 -49.9911
2.0 0.9312 634.00 544.50 22.00 21.00 -50.0064
2.0 0.9311 100.50 544.50 21.00 21.00 -50.0038
2.0 0.9308 189.50 633.50 23.00 21.00 -50.0102
2.0 0.9300 101.50 634.00 21.00 20.00 -50.0353
2.0 0.9297 189.50 545.00 23.00 22.00 -50.0269
2.0 0.9289 545.00 899.50 22.00 21.00 -50.0056
2.0 0.9289 367.00 634.00 22.00 22.00 -50.0073
2.0 0.9286 100.50 277.50 21.00 23.00 -50.0274
2.0 0.9283 723.00 545.00 22.00 22.00 -50.0685
2.0 0.9279 101.00 189.00 22.00 22.00 -50.0312
2.0 0.9277 812.00 544.00 22.00 22.00 -50.0285
2.0 0.9275 367.50 100.00 23.00 22.00 -50.0086
2.0 0.9265 545.00 99.50 22.00 23.00 -50.0136
2.0 0.9259 278.50 811.00 23.00 22.00 -49.9714
2.0 0.9256 189.50 900.00 23.00 22.00 -50.0140
2.0 0.9240 190.00 100.00 22.00 22.00 -50.0100
2.0 0.9240 100.50 722.00 21.00 22.00 -50.0020
2.0 0.9239 634.00 900.00 22.00 22.00 -50.1368
2.0 0.9233 545.00 633.50 22.00 21.00 -50.0129
2.0 0.9232 367.00 900.00 22.00 22.00 -50.0090
2.0 0.9230 189.00 278.00 22.00 22.00 -50.2017
2.0 0.9220 456.00 634.00 22.00 22.00 -50.0225
2.0 0.9219 367.00 811.00 22.00 22.00 -50.0190
2.0 0.9218 723.00 100.00 22.00 22.00 -50.1259
2.0 0.9216 723.00 278.00 22.00 22.00 -50.1821
2.0 0.9214 634.00 722.00 22.00 22.00 -50.2448
2.0 0.9205 279.00 544.00 22.00 22.00 -49.9652
2.0 0.9201 545.00 278.00 22.00 22.00 -50.0492
2.0 0.9200 723.00 900.00 22.00 22.00 -50.1460
2.0 0.9195 100.50 811.00 21.00 22.00 -50.0061
2.0 0.9193 633.50 277.50 23.00 23.00 -50.0900
2.0 0.9190 545.50 811.00 21.00 22.00 -50.0643
2.0 0.9187 190.00 722.00 22.00 22.00 -50.0483
2.0 0.9173 278.00 900.00 22.00 22.00 -50.0180
2.0 0.9168 456.50 100.00 23.00 22.00 -50.0274
2.0 0.9159 634.00 100.00 22.00 22.00 -50.0667
2.0 0.9153 456.00 366.50 22.00 23.00 -50.0597
2.0 0.9126 723.00 811.00 22.00 22.00 -50.3914
2.0 0.9098 545.00 722.50 22.00 21.00 -50.0396
2.0 0.9084 456.00 721.50 22.00 21.00 -50.0573
2.0 0.9069 189.50 811.00 21.00 22.00 -50.0999
2.0 0.9058 456.00 811.00 22.00 22.00 -50.1494
2.0 0.9041 456.00 899.50 22.00 21.00 -50.0661
2.0 0.8382 634.00 811.00 22.00 22.00 -51.5321
