1.0 0.9816 456.00 366.00 34.00 34.00 -60.0003
1.0 0.9805 189.50 634.00 35.00 34.00 -60.0010
1.0 0.9802 456.50 188.50 35.00 35.00 -60.0005
1.0 0.9782 278.00 188.50 34.00 35.00 -60.0003
1.0 0.9781 634.00 366.00 34.00 34.00 -60.0005
1.0 0.9775 811.50 188.00 35.00 34.00 -59.9991
1.0 0.9775 634.00 811.00 36.00 34.00 -60.0005
1.0 0.9774 189.00 810.50 36.00 35.00 -60.0003
1.0 0.9771 278.50 366.00 35.00 34.00 -60.0003
1.0 0.9766 722.50 634.00 35.00 34.00 -59.9999
1.0 0.9766 544.50 633.50 35.00 35.00 -59.9999
1.0 0.9764 634.00 188.50 34.00 35.00 -60.0012
1.0 0.9761 100.50 900.00 35.00 34.00 -60.0014
1.0 0.9760 545.00 456.00 34.00 34.00 -59.9999
1.0 0.9760 189.50 900.00 35.00 34.00 -60.0024
1.0 0.9759 634.50 544.00 35.00 34.00 -60.0006
1.0 0.9757 633.50 634.00 35.00 34.00 -59.9998
1.0 0.9757 545.00 278.00 34.00 36.00 -59.9999
1.0 0.9755 367.00 633.00 36.00 34.00 -59.9999
1.0 0.9751 367.00 810.50 36.00 35.00 -60.0004
1.0 0.9750 723.00 456.00 34.00 34.00 -59.9999
1.0 0.9749 100.50 366.00 35.00 34.00 -60.0004
1.0 0.9746 100.00 188.50 34.00 35.00 -60.0025
1.0 0.9742 278.50 544.00 35.00 34.00 -60.0003
1.0 0.9739 456.00 456.00 34.00 34.00 -59.9998
1.0 0.9739 367.50 366.50 35.00 35.00 -60.0012
1.0 0.9737 811.50 811.00 35.00 34.00 -60.0006
1.0 0.9736 634.00 456.00 34.00 34.00 -59.9998
1.0 0.9735 723.00 99.50 34.00 35.00 -59.9999
1.0 0.9733 367.50 277.50 35.00 35.00 -59.9999
1.0 0.9733 900.50 634.00 35.00 34.00 -59.9998
1.0 0.9733 811.50 633.50 35.00 35.00 -59.9997
1.0 0.9732 544.50 811.00 35.00 34.00 -60.0005
1.0 0.9730 189.50 366.00 35.00 34.00 -60.0012
1.0 0.9727 722.50 277.50 35.00 35.00 -60.0001
1.0 0.9725 100.50 811.00 35.00 34.00 -60.0016
1.0 0.9725 811.50 366.00 35.00 34.00 -59.9991
1.0 0.9725 455.50 633.50 35.00 35.00 -59.9998
1.0 0.9724 545.00 366.50 34.00 35.00 -60.0015
1.0 0.9722 100.50 544.00 35.00 34.00 -60.0003
1.0 0.9722 189.50 455.50 35.00 35.00 -60.0002
1.0 0.9722 811.50 456.00 35.00 34.00 -59.9998
1.0 0.9721 456.00 544.00 34.00 34.00 -60.0008
1.0 0.9712 100.50 633.00 35.00 34.00 -60.0003
1.0 0.9711 722.50 810.50 35.00 35.00 -60.0008
1.0 0.9708 544.50 188.00 35.00 34.00 -60.0016
1.0 0.9704 100.50 722.00 35.00 34.00 -60.0004
1.0 0.9704 900.50 277.50 35.00 35.00 -59.9999
1.0 0.9702 278.50 722.00 35.00 34.00 -60.0005
1.0 0.9702 278.00 900.00 34.00 34.00 -59.9998
1.0 0.9700 456.50 722.00 35.00 34.00 -60.0004
1.0 0.9700 189.50 189.00 35.00 34.00 -60.0022
1.0 0.9700 189.50 722.00 35.00 34.00 -60.0009
1.0 0.9698 811.50 544.50 35.00 35.00 -60.0005
1.0 0.9698 367.00 544.00 34.00 34.00 -60.0014
1.0 0.9696 545.50 100.00 35.00 34.00 -60.0002
1.0 0.9692 367.00 189.00 34.00 34.00 -60.0016
1.0 0.9692 900.50 456.00 35.00 34.00 -60.0002
1.0 0.9690 367.50 455.50 35.00 35.00 -60.0004
1.0 0.9690 367.50 100.00 35.00 36.00 -59.9999
1.0 0.9686 456.00 278.00 34.00 34.00 -59.9998
1.0 0.9685 722.50 188.50 35.00 33.00 -60.0021
1.0 0.9682 189.50 277.50 35.00 35.00 -59.9999
1.0 0.9681 278.00 278.00 34.00 34.00 -60.0001
1.0 0.9678 634.00 722.00 36.00 34.00 -60.0008
1.0 0.9678 900.50 810.50 35.00 35.00 -60.0005
1.0 0.9676 278.00 633.50 34.00 35.00 -60.0002
1.0 0.9676 634.00 278.00 34.00 34.00 -59.9998
1.0 0.9676 456.50 811.00 35.00 34.00 -60.0062
1.0 0.9674 900.50 100.00 35.00 34.00 -59.9999
1.0 0.9674 189.00 544.00 36.00 34.00 -60.0028
1.0 0.9674 722.50 366.50 35.00 35.00 -60.0018
1.0 0.9673 100.50 455.00 35.00 34.00 -60.0004
1.0 0.9672 278.00 810.50 34.00 35.00 -59.9999
1.0 0.9670 811.50 722.00 35.00 34.00 -60.0007
1.0 0.9659 278.00 455.50 34.00 35.00 -60.0002
1.0 0.9655 634.00 99.00 34.00 34.00 -60.0008
1.0 0.9653 456.00 900.00 34.00 34.00 -59.9998
1.0 0.9652 101.00 277.50 34.00 35.00 -60.0002
1.0 0.9646 367.50 722.00 35.00 34.00 -60.0017
1.0 0.9635 367.50 899.50 35.00 35.00 -60.0002
1.0 0.9626 901.00 900.00 34.00 34.00 -60.0014
1.0 0.9626 634.00 900.00 34.00 34.00 -59.9998
1.0 0.9623 456.00 99.50 36.00 35.00 -60.0006
1.0 0.9621 544.00 544.50 34.00 33.00 -60.0024
1.0 0.9620 900.00 366.00 34.00 34.00 -60.0013
1.0 0.9613 278.50 100.50 35.00 35.00 -59.9998
1.0 0.9609 900.00 544.00 36.00 34.00 -60.0010
1.0 0.9607 812.00 100.00 34.00 34.00 -59.9998
1.0 0.9605 811.50 277.50 35.00 35.00 -60.0023
1.0 0.9600 545.00 899.50 36.00 35.00 -60.0005
1.0 0.9598 722.00 545.00 34.00 34.00 -60.0026
1.0 0.9594 900.50 722.00 35.00 34.00 -59.9998
1.0 0.9593 900.50 188.50 35.00 35.00 -60.0084
1.0 0.9589 545.00 721.50 34.00 35.00 -60.0003
1.0 0.9581 722.50 900.00 35.00 34.00 -59.9998
1.0 0.9574 723.00 722.00 34.00 34.00 -59.9998
1.0 0.9566 100.50 100.00 35.00 34.00 -60.0016
1.0 0.9561 189.50 100.00 35.00 34.00 -60.0023
1.0 0.9549 811.50 899.50 35.00 35.00 -60.0001
