1.0 0.9816 0.4453 0.3574 0.0332 0.0332 -60.0003
1.0 0.9805 0.1851 0.6191 0.0342 0.0332 -60.0010
1.0 0.9802 0.4458 0.1841 0.0342 0.0342 -60.0005
1.0 0.9782 0.2715 0.1841 0.0332 0.0342 -60.0003
1.0 0.9781 0.6191 0.3574 0.0332 0.0332 -60.0005
1.0 0.9775 0.7925 0.1836 0.0342 0.0332 -59.9991
1.0 0.9775 0.6191 0.7920 0.0352 0.0332 -60.0005
1.0 0.9774 0.1846 0.7915 0.0352 0.0342 -60.0003
1.0 0.9771 0.2720 0.3574 0.0342 0.0332 -60.0003
1.0 0.9766 0.7056 0.6191 0.0342 0.0332 -59.9999
1.0 0.9766 0.5317 0.6187 0.0342 0.0342 -59.9999
1.0 0.9764 0.6191 0.1841 0.0332 0.0342 -60.0012
1.0 0.9761 0.0981 0.8789 0.0342 0.0332 -60.0014
1.0 0.9760 0.5322 0.4453 0.0332 0.0332 -59.9999
1.0 0.9760 0.1851 0.8789 0.0342 0.0332 -60.0024
1.0 0.9759 0.6196 0.5312 0.0342 0.0332 -60.0006
1.0 0.9757 0.6187 0.6191 0.0342 0.0332 -59.9998
1.0 0.9757 0.5322 0.2715 0.0332 0.0352 -59.9999
1.0 0.9755 0.3584 0.6182 0.0352 0.0332 -59.9999
1.0 0.9751 0.3584 0.7915 0.0352 0.0342 -60.0004
1.0 0.9750 0.7061 0.4453 0.0332 0.0332 -59.9999
1.0 0.9749 0.0981 0.3574 0.0342 0.0332 -60.0004
1.0 0.9746 0.0977 0.1841 0.0332 0.0342 -60.0025
1.0 0.9742 0.2720 0.5312 0.0342 0.0332 -60.0003
1.0 0.9739 0.4453 0.4453 0.0332 0.0332 -59.9998
1.0 0.9739 0.3589 0.3579 0.0342 0.0342 -60.0012
1.0 0.9737 0.7925 0.7920 0.0342 0.0332 -60.0006
1.0 0.9736 0.6191 0.4453 0.0332 0.0332 -59.9998
1.0 0.9735 0.7061 0.0972 0.0332 0.0342 -59.9999
1.0 0.9733 0.3589 0.2710 0.0342 0.0342 -59.9999
1.0 0.9733 0.8794 0.6191 0.0342 0.0332 -59.9998
1.0 0.9733 0.7925 0.6187 0.0342 0.0342 -59.9997
1.0 0.9732 0.5317 0.7920 0.0342 0.0332 -60.0005
1.0 0.9730 0.1851 0.3574 0.0342 0.0332 -60.0012
1.0 0.9727 0.7056 0.2710 0.0342 0.0342 -60.0001
1.0 0.9725 0.0981 0.7920 0.0342 0.0332 -60.0016
1.0 0.9725 0.7925 0.3574 0.0342 0.0332 -59.9991
1.0 0.9725 0.4448 0.6187 0.0342 0.0342 -59.9998
1.0 0.9724 0.5322 0.3579 0.0332 0.0342 -60.0015
1.0 0.9722 0.0981 0.5312 0.0342 0.0332 -60.0003
1.0 0.9722 0.1851 0.4448 0.0342 0.0342 -60.0002
1.0 0.9722 0.7925 0.4453 0.0342 0.0332 -59.9998
1.0 0.9721 0.4453 0.5312 0.0332 0.0332 -60.0008
1.0 0.9712 0.0981 0.6182 0.0342 0.0332 -60.0003
1.0 0.9711 0.7056 0.7915 0.0342 0.0342 -60.0008
1.0 0.9708 0.5317 0.1836 0.0342 0.0332 -60.0016
1.0 0.9704 0.0981 0.7051 0.0342 0.0332 -60.0004
1.0 0.9704 0.8794 0.2710 0.0342 0.0342 -59.9999
1.0 0.9702 0.2720 0.7051 0.0342 0.0332 -60.0005
1.0 0.9702 0.2715 0.8789 0.0332 0.0332 -59.9998
1.0 0.9700 0.4458 0.7051 0.0342 0.0332 -60.0004
1.0 0.9700 0.1851 0.1846 0.0342 0.0332 -60.0022
1.0 0.9700 0.1851 0.7051 0.0342 0.0332 -60.0009
1.0 0.9698 0.7925 0.5317 0.0342 0.0342 -60.0005
1.0 0.9698 0.3584 0.5312 0.0332 0.0332 -60.0014
1.0 0.9696 0.5327 0.0977 0.0342 0.0332 -60.0002
1.0 0.9692 0.3584 0.1846 0.0332 0.0332 -60.0016
1.0 0.9692 0.8794 0.4453 0.0342 0.0332 -60.0002
1.0 0.9690 0.3589 0.4448 0.0342 0.0342 -60.0004
1.0 0.9690 0.3589 0.0977 0.0342 0.0352 -59.9999
1.0 0.9686 0.4453 0.2715 0.0332 0.0332 -59.9998
1.0 0.9685 0.7056 0.1841 0.0342 0.0322 -60.0021
1.0 0.9682 0.1851 0.2710 0.0342 0.0342 -59.9999
1.0 0.9681 0.2715 0.2715 0.0332 0.0332 -60.0001
1.0 0.9678 0.6191 0.7051 0.0352 0.0332 -60.0008
1.0 0.9678 0.8794 0.7915 0.0342 0.0342 -60.0005
1.0 0.9676 0.2715 0.6187 0.0332 0.0342 -60.0002
1.0 0.9676 0.6191 0.2715 0.0332 0.0332 -59.9998
1.0 0.9676 0.4458 0.7920 0.0342 0.0332 -60.0062
1.0 0.9674 0.8794 0.0977 0.0342 0.0332 -59.9999
1.0 0.9674 0.1846 0.5312 0.0352 0.0332 -60.0028
1.0 0.9674 0.7056 0.3579 0.0342 0.0342 -60.0018
1.0 0.9673 0.0981 0.4443 0.0342 0.0332 -60.0004
1.0 0.9672 0.2715 0.7915 0.0332 0.0342 -59.9999
1.0 0.9670 0.7925 0.7051 0.0342 0.0332 -60.0007
1.0 0.9659 0.2715 0.4448 0.0332 0.0342 -60.0002
1.0 0.9655 0.6191 0.0967 0.0332 0.0332 -60.0008
1.0 0.9653 0.4453 0.8789 0.0332 0.0332 -59.9998
1.0 0.9652 0.0986 0.2710 0.0332 0.0342 -60.0002
1.0 0.9646 0.3589 0.7051 0.0342 0.0332 -60.0017
1.0 0.9635 0.3589 0.8784 0.0342 0.0342 -60.0002
1.0 0.9626 0.8799 0.8789 0.0332 0.0332 -60.0014
1.0 0.9626 0.6191 0.8789 0.0332 0.0332 -59.9998
1.0 0.9623 0.4453 0.0972 0.0352 0.0342 -60.0006
1.0 0.9621 0.5312 0.5317 0.0332 0.0322 -60.0024
1.0 0.9620 0.8789 0.3574 0.0332 0.0332 -60.0013
1.0 0.9613 0.2720 0.0981 0.0342 0.0342 -59.9998
1.0 0.9609 0.8789 0.5312 0.0352 0.0332 -60.0010
1.0 0.9607 0.7930 0.0977 0.0332 0.0332 -59.9998
1.0 0.9605 0.7925 0.2710 0.0342 0.0342 -60.0023
1.0 0.9600 0.5322 0.8784 0.0352 0.0342 -60.0005
1.0 0.9598 0.7051 0.5322 0.0332 0.0332 -60.0026
1.0 0.9594 0.8794 0.7051 0.0342 0.0332 -59.9998
1.0 0.9593 0.8794 0.1841 0.0342 0.0342 -60.0084
1.0 0.9589 0.5322 0.7046 0.0332 0.0342 -60.0003
1.0 0.9581 0.7056 0.8789 0.0342 0.0332 -59.9998
1.0 0.9574 0.7061 0.7051 0.0332 0.0332 -59.9998
1.0 0.9566 0.0981 0.0977 0.0342 0.0332 -60.0016
1.0 0.9561 0.1851 0.0977 0.0342 0.0332 -60.0023
1.0 0.9549 0.7925 0.8784 0.0342 0.0342 -60.0001
