0.0 0.9787 189.00 810.50 38.00 37.00 -69.9998
0.0 0.9764 100.50 811.00 39.00 38.00 -69.9998
0.0 0.9760 100.00 189.00 38.00 38.00 -69.9973
0.0 0.9752 366.50 721.50 39.00 37.00 -69.9315
0.0 0.9734 278.00 189.00 38.00 38.00 -69.9977
0.0 0.9734 366.50 810.50 39.00 37.00 -69.9992
0.0 0.9733 100.50 633.00 39.00 38.00 -69.9993
0.0 0.9732 100.50 899.50 39.00 39.00 -69.9946
0.0 0.9731 100.00 544.50 38.00 37.00 -69.9941
0.0 0.9728 100.00 722.00 38.00 38.00 -69.9997
0.0 0.9727 100.00 367.00 38.00 38.00 -69.9342
0.0 0.9723 189.50 900.00 39.00 38.00 -69.9997
0.0 0.9720 455.50 189.00 39.00 38.00 -69.9695
0.0 0.9710 189.00 722.00 38.00 38.00 -69.9996
0.0 0.9704 278.00 367.00 38.00 38.00 -69.9659
0.0 0.9701 190.00 188.50 38.00 37.00 -69.9992
0.0 0.9699 278.00 811.00 38.00 38.00 -69.9998
0.0 0.9696 100.50 455.00 37.00 38.00 -69.9991
0.0 0.9691 189.00 632.50 38.00 37.00 -69.9982
0.0 0.9685 811.00 810.50 38.00 37.00 -69.9993
0.0 0.9684 277.50 722.50 39.00 37.00 -69.9991
0.0 0.9676 455.50 367.00 39.00 38.00 -69.8889
0.0 0.9674 722.50 633.50 39.00 37.00 -69.9989
0.0 0.9673 189.50 277.50 39.00 39.00 -69.9974
0.0 0.9669 278.00 900.00 38.00 38.00 -69.9986
0.0 0.9666 900.50 811.00 39.00 38.00 -69.9951
0.0 0.9665 101.00 277.50 38.00 39.00 -69.9916
0.0 0.9656 190.00 100.00 38.00 38.00 -69.9993
0.0 0.9654 723.00 722.00 38.00 38.00 -69.9861
0.0 0.9648 544.50 810.50 39.00 37.00 -69.9974
0.0 0.9648 722.50 810.50 39.00 37.00 -69.9990
0.0 0.9643 900.50 188.50 39.00 39.00 -69.9845
0.0 0.9639 811.50 99.50 39.00 39.00 -69.9962
0.0 0.9636 811.50 277.50 39.00 39.00 -69.9902
0.0 0.9636 189.50 455.50 39.00 39.00 -69.9968
0.0 0.9635 189.50 366.50 39.00 39.00 -69.9922
0.0 0.9634 189.50 544.50 39.00 39.00 -69.9973
0.0 0.9633 278.00 277.50 38.00 39.00 -69.9941
0.0 0.9632 722.50 278.00 39.00 38.00 -69.9951
0.0 0.9631 900.50 277.50 39.00 39.00 -69.9837
0.0 0.9631 277.50 544.50 39.00 37.00 -69.8837
0.0 0.9630 811.00 633.00 38.00 36.00 -69.9986
0.0 0.9622 812.00 900.00 38.00 38.00 -69.9863
0.0 0.9609 278.00 633.00 38.00 38.00 -69.9958
0.0 0.9608 544.50 899.00 39.00 38.00 -69.9305
0.0 0.9607 100.50 99.50 39.00 39.00 -69.9732
0.0 0.9607 811.50 188.50 39.00 39.00 -69.9631
0.0 0.9606 633.00 810.50 38.00 37.00 -69.9990
0.0 0.9606 722.50 367.00 39.00 38.00 -69.9426
0.0 0.9602 634.00 900.00 38.00 38.00 -69.9966
0.0 0.9601 722.50 188.50 39.00 39.00 -69.9529
0.0 0.9597 900.00 722.50 38.00 37.00 -69.9461
0.0 0.9594 366.50 899.50 39.00 37.00 -69.3159
0.0 0.9593 278.50 100.00 39.00 38.00 -69.9974
0.0 0.9591 811.00 722.00 38.00 38.00 -69.9936
0.0 0.9591 900.50 456.00 39.00 38.00 -69.9947
0.0 0.9588 366.50 632.50 39.00 37.00 -69.9367
0.0 0.9586 544.50 721.50 39.00 37.00 -69.4527
0.0 0.9584 633.50 188.50 39.00 39.00 -69.9538
0.0 0.9583 900.50 545.00 39.00 38.00 -69.9842
0.0 0.9582 722.50 455.50 39.00 37.00 -69.9980
0.0 0.9578 723.00 900.00 38.00 38.00 -69.9927
0.0 0.9577 811.50 456.00 39.00 38.00 -69.9791
0.0 0.9574 367.00 278.00 38.00 38.00 -69.9968
0.0 0.9574 633.50 277.50 39.00 39.00 -69.9418
0.0 0.9571 633.00 633.00 38.00 36.00 -69.9926
0.0 0.9563 901.00 633.50 40.00 39.00 -69.9958
0.0 0.9554 722.50 99.50 39.00 39.00 -69.9636
0.0 0.9553 544.50 633.00 39.00 38.00 -69.9234
0.0 0.9552 455.50 277.00 39.00 38.00 -69.9906
0.0 0.9548 456.00 900.00 38.00 38.00 -69.9993
0.0 0.9544 456.00 99.50 40.00 39.00 -69.9518
0.0 0.9540 634.00 99.50 38.00 39.00 -69.9929
0.0 0.9533 811.00 367.00 38.00 38.00 -69.8303
0.0 0.9526 900.50 99.50 39.00 39.00 -69.8858
0.0 0.9514 367.00 188.50 40.00 39.00 -69.9778
0.0 0.9495 367.00 99.50 40.00 39.00 -69.9645
0.0 0.9488 456.00 722.00 40.00 38.00 -69.9420
0.0 0.9479 544.50 455.50 39.00 37.00 -69.9251
0.0 0.9477 633.50 367.00 39.00 38.00 -69.8880
0.0 0.9456 278.00 455.50 38.00 39.00 -69.9244
0.0 0.9451 456.00 810.50 38.00 37.00 -69.9970
0.0 0.9441 545.50 277.50 39.00 39.00 -69.8448
0.0 0.9437 633.00 455.50 38.00 37.00 -69.9935
0.0 0.9432 722.50 544.00 39.00 38.00 -69.1496
0.0 0.9417 812.00 544.50 40.00 39.00 -69.8501
0.0 0.9414 634.00 721.50 40.00 39.00 -69.9964
0.0 0.9383 545.00 99.50 38.00 39.00 -69.8678
0.0 0.9330 900.50 900.50 39.00 39.00 -69.6826
0.0 0.9299 900.50 366.50 39.00 39.00 -69.6659
0.0 0.9250 367.50 544.00 39.00 38.00 -68.9183
0.0 0.9243 545.00 367.00 40.00 38.00 -69.6994
0.0 0.9242 367.00 367.00 40.00 38.00 -69.7793
0.0 0.9102 455.00 455.50 38.00 37.00 -69.7834
0.0 0.8961 633.50 544.00 39.00 38.00 -68.7730
0.0 0.8922 366.50 455.50 39.00 37.00 -69.0894
1.0 0.8846 900.50 899.00 39.00 38.00 -61.1723
1.0 0.8728 900.50 366.00 39.00 38.00 -62.6881
0.0 0.8642 544.50 188.00 39.00 38.00 -68.9384
1.0 0.8574 545.50 187.50 39.00 37.00 -62.9612
0.0 0.8530 455.50 633.50 41.00 37.00 -69.3595
0.0 0.8086 456.00 544.00 38.00 38.00 -68.0594
0.0 0.8046 544.50 544.00 39.00 38.00 -65.6343
1.0 0.7996 456.00 545.00 40.00 38.00 -63.5302
1.0 0.7686 456.00 633.00 40.00 38.00 -63.5455
1.0 0.7132 367.50 366.50 39.00 37.00 -64.5821
1.0 0.7067 634.00 544.50 40.00 39.00 -64.5053
1.0 0.6907 723.00 187.50 38.00 37.00 -64.5270
1.0 0.5570 545.00 544.00 40.00 38.00 -64.9700
