0.0 0.9787 0.1846 0.7915 0.0371 0.0361 -69.9998
0.0 0.9764 0.0981 0.7920 0.0381 0.0371 -69.9998
0.0 0.9760 0.0977 0.1846 0.0371 0.0371 -69.9973
0.0 0.9752 0.3579 0.7046 0.0381 0.0361 -69.9315
0.0 0.9734 0.2715 0.1846 0.0371 0.0371 -69.9977
0.0 0.9734 0.3579 0.7915 0.0381 0.0361 -69.9992
0.0 0.9733 0.0981 0.6182 0.0381 0.0371 -69.9993
0.0 0.9732 0.0981 0.8784 0.0381 0.0381 -69.9946
0.0 0.9731 0.0977 0.5317 0.0371 0.0361 -69.9941
0.0 0.9728 0.0977 0.7051 0.0371 0.0371 -69.9997
0.0 0.9727 0.0977 0.3584 0.0371 0.0371 -69.9342
0.0 0.9723 0.1851 0.8789 0.0381 0.0371 -69.9997
0.0 0.9720 0.4448 0.1846 0.0381 0.0371 -69.9695
0.0 0.9710 0.1846 0.7051 0.0371 0.0371 -69.9996
0.0 0.9704 0.2715 0.3584 0.0371 0.0371 -69.9659
0.0 0.9701 0.1855 0.1841 0.0371 0.0361 -69.9992
0.0 0.9699 0.2715 0.7920 0.0371 0.0371 -69.9998
0.0 0.9696 0.0981 0.4443 0.0361 0.0371 -69.9991
0.0 0.9691 0.1846 0.6177 0.0371 0.0361 -69.9982
0.0 0.9685 0.7920 0.7915 0.0371 0.0361 -69.9993
0.0 0.9684 0.2710 0.7056 0.0381 0.0361 -69.9991
0.0 0.9676 0.4448 0.3584 0.0381 0.0371 -69.8889
0.0 0.9674 0.7056 0.6187 0.0381 0.0361 -69.9989
0.0 0.9673 0.1851 0.2710 0.0381 0.0381 -69.9974
0.0 0.9669 0.2715 0.8789 0.0371 0.0371 -69.9986
0.0 0.9666 0.8794 0.7920 0.0381 0.0371 -69.9951
0.0 0.9665 0.0986 0.2710 0.0371 0.0381 -69.9916
0.0 0.9656 0.1855 0.0977 0.0371 0.0371 -69.9993
0.0 0.9654 0.7061 0.7051 0.0371 0.0371 -69.9861
0.0 0.9648 0.5317 0.7915 0.0381 0.0361 -69.9974
0.0 0.9648 0.7056 0.7915 0.0381 0.0361 -69.9990
0.0 0.9643 0.8794 0.1841 0.0381 0.0381 -69.9845
0.0 0.9639 0.7925 0.0972 0.0381 0.0381 -69.9962
0.0 0.9636 0.7925 0.2710 0.0381 0.0381 -69.9902
0.0 0.9636 0.1851 0.4448 0.0381 0.0381 -69.9968
0.0 0.9635 0.1851 0.3579 0.0381 0.0381 -69.9922
0.0 0.9634 0.1851 0.5317 0.0381 0.0381 -69.9973
0.0 0.9633 0.2715 0.2710 0.0371 0.0381 -69.9941
0.0 0.9632 0.7056 0.2715 0.0381 0.0371 -69.9951
0.0 0.9631 0.8794 0.2710 0.0381 0.0381 -69.9837
0.0 0.9631 0.2710 0.5317 0.0381 0.0361 -69.8837
0.0 0.9630 0.7920 0.6182 0.0371 0.0352 -69.9986
0.0 0.9622 0.7930 0.8789 0.0371 0.0371 -69.9863
0.0 0.9609 0.2715 0.6182 0.0371 0.0371 -69.9958
0.0 0.9608 0.5317 0.8779 0.0381 0.0371 -69.9305
0.0 0.9607 0.0981 0.0972 0.0381 0.0381 -69.9732
0.0 0.9607 0.7925 0.1841 0.0381 0.0381 -69.9631
0.0 0.9606 0.6182 0.7915 0.0371 0.0361 -69.9990
0.0 0.9606 0.7056 0.3584 0.0381 0.0371 -69.9426
0.0 0.9602 0.6191 0.8789 0.0371 0.0371 -69.9966
0.0 0.9601 0.7056 0.1841 0.0381 0.0381 -69.9529
0.0 0.9597 0.8789 0.7056 0.0371 0.0361 -69.9461
0.0 0.9594 0.3579 0.8784 0.0381 0.0361 -69.3159
0.0 0.9593 0.2720 0.0977 0.0381 0.0371 -69.9974
0.0 0.9591 0.7920 0.7051 0.0371 0.0371 -69.9936
0.0 0.9591 0.8794 0.4453 0.0381 0.0371 -69.9947
0.0 0.9588 0.3579 0.6177 0.0381 0.0361 -69.9367
0.0 0.9586 0.5317 0.7046 0.0381 0.0361 -69.4527
0.0 0.9584 0.6187 0.1841 0.0381 0.0381 -69.9538
0.0 0.9583 0.8794 0.5322 0.0381 0.0371 -69.9842
0.0 0.9582 0.7056 0.4448 0.0381 0.0361 -69.9980
0.0 0.9578 0.7061 0.8789 0.0371 0.0371 -69.9927
0.0 0.9577 0.7925 0.4453 0.0381 0.0371 -69.9791
0.0 0.9574 0.3584 0.2715 0.0371 0.0371 -69.9968
0.0 0.9574 0.6187 0.2710 0.0381 0.0381 -69.9418
0.0 0.9571 0.6182 0.6182 0.0371 0.0352 -69.9926
0.0 0.9563 0.8799 0.6187 0.0391 0.0381 -69.9958
0.0 0.9554 0.7056 0.0972 0.0381 0.0381 -69.9636
0.0 0.9553 0.5317 0.6182 0.0381 0.0371 -69.9234
0.0 0.9552 0.4448 0.2705 0.0381 0.0371 -69.9906
0.0 0.9548 0.4453 0.8789 0.0371 0.0371 -69.9993
0.0 0.9544 0.4453 0.0972 0.0391 0.0381 -69.9518
0.0 0.9540 0.6191 0.0972 0.0371 0.0381 -69.9929
0.0 0.9533 0.7920 0.3584 0.0371 0.0371 -69.8303
0.0 0.9526 0.8794 0.0972 0.0381 0.0381 -69.8858
0.0 0.9514 0.3584 0.1841 0.0391 0.0381 -69.9778
0.0 0.9495 0.3584 0.0972 0.0391 0.0381 -69.9645
0.0 0.9488 0.4453 0.7051 0.0391 0.0371 -69.9420
0.0 0.9479 0.5317 0.4448 0.0381 0.0361 -69.9251
0.0 0.9477 0.6187 0.3584 0.0381 0.0371 -69.8880
0.0 0.9456 0.2715 0.4448 0.0371 0.0381 -69.9244
0.0 0.9451 0.4453 0.7915 0.0371 0.0361 -69.9970
0.0 0.9441 0.5327 0.2710 0.0381 0.0381 -69.8448
0.0 0.9437 0.6182 0.4448 0.0371 0.0361 -69.9935
0.0 0.9432 0.7056 0.5312 0.0381 0.0371 -69.1496
0.0 0.9417 0.7930 0.5317 0.0391 0.0381 -69.8501
0.0 0.9414 0.6191 0.7046 0.0391 0.0381 -69.9964
0.0 0.9383 0.5322 0.0972 0.0371 0.0381 -69.8678
0.0 0.9330 0.8794 0.8794 0.0381 0.0381 -69.6826
0.0 0.9299 0.8794 0.3579 0.0381 0.0381 -69.6659
0.0 0.9250 0.3589 0.5312 0.0381 0.0371 -68.9183
0.0 0.9243 0.5322 0.3584 0.0391 0.0371 -69.6994
0.0 0.9242 0.3584 0.3584 0.0391 0.0371 -69.7793
0.0 0.9102 0.4443 0.4448 0.0371 0.0361 -69.7834
0.0 0.8961 0.6187 0.5312 0.0381 0.0371 -68.7730
0.0 0.8922 0.3579 0.4448 0.0381 0.0361 -69.0894
1.0 0.8846 0.8794 0.8779 0.0381 0.0371 -61.1723
1.0 0.8728 0.8794 0.3574 0.0381 0.0371 -62.6881
0.0 0.8642 0.5317 0.1836 0.0381 0.0371 -68.9384
1.0 0.8574 0.5327 0.1831 0.0381 0.0361 -62.9612
0.0 0.8530 0.4448 0.6187 0.0400 0.0361 -69.3595
0.0 0.8086 0.4453 0.5312 0.0371 0.0371 -68.0594
0.0 0.8046 0.5317 0.5312 0.0381 0.0371 -65.6343
1.0 0.7996 0.4453 0.5322 0.0391 0.0371 -63.5302
1.0 0.7686 0.4453 0.6182 0.0391 0.0371 -63.5455
1.0 0.7132 0.3589 0.3579 0.0381 0.0361 -64.5821
1.0 0.7067 0.6191 0.5317 0.0391 0.0381 -64.5053
1.0 0.6907 0.7061 0.1831 0.0371 0.0361 -64.5270
1.0 0.5570 0.5322 0.5312 0.0391 0.0371 -64.9700
