8.0 0.9854 0.7930 0.7920 0.0449 0.0430 10.0410
8.0 0.9845 0.7925 0.0981 0.0439 0.0439 10.0442
8.0 0.9835 0.7930 0.4443 0.0449 0.0430 10.1263
9.0 0.9813 0.3589 0.7915 0.0439 0.0420 19.9344
9.0 0.9812 0.1851 0.6182 0.0439 0.0410 19.9245
9.0 0.9807 0.3584 0.5308 0.0430 0.0420 19.9977
8.0 0.9807 0.8794 0.4443 0.0439 0.0430 10.0464
9.0 0.9806 0.1851 0.5308 0.0439 0.0420 19.9922
8.0 0.9797 0.8784 0.1841 0.0439 0.0439 10.0106
8.0 0.9796 0.8789 0.0972 0.0430 0.0439 10.0020
9.0 0.9794 0.1846 0.3574 0.0449 0.0430 19.9897
9.0 0.9790 0.5317 0.5312 0.0439 0.0430 19.9892
9.0 0.9785 0.3579 0.3574 0.0439 0.0430 19.9974
9.0 0.9778 0.6191 0.2720 0.0449 0.0420 19.9767
9.0 0.9774 0.1851 0.8784 0.0439 0.0420 19.9866
9.0 0.9773 0.4458 0.5312 0.0420 0.0410 19.9998
9.0 0.9773 0.7056 0.5312 0.0439 0.0430 19.9908
9.0 0.9771 0.6196 0.3574 0.0420 0.0410 19.9975
9.0 0.9770 0.7056 0.0977 0.0439 0.0430 19.9905
9.0 0.9767 0.6196 0.5312 0.0420 0.0410 19.9936
9.0 0.9762 0.6196 0.7925 0.0420 0.0420 19.9986
9.0 0.9762 0.3589 0.0981 0.0439 0.0420 19.9977
8.0 0.9759 0.0972 0.1841 0.0439 0.0439 10.0270
9.0 0.9758 0.2720 0.3569 0.0420 0.0420 19.9854
9.0 0.9755 0.7056 0.3574 0.0439 0.0430 19.9992
9.0 0.9755 0.4458 0.7051 0.0420 0.0410 19.9882
9.0 0.9754 0.4458 0.6182 0.0420 0.0410 19.9928
9.0 0.9753 0.3584 0.8789 0.0430 0.0410 19.9995
9.0 0.9752 0.7051 0.7051 0.0430 0.0430 19.9819
9.0 0.9751 0.6196 0.6187 0.0420 0.0420 19.9647
8.0 0.9750 0.7930 0.6182 0.0449 0.0430 10.2823
9.0 0.9747 0.1851 0.0977 0.0439 0.0430 19.9657
8.0 0.9739 0.0972 0.8789 0.0439 0.0430 10.0245
9.0 0.9735 0.3589 0.2715 0.0439 0.0430 19.8860
9.0 0.9725 0.3584 0.1836 0.0449 0.0430 19.9780
9.0 0.9723 0.4458 0.4448 0.0420 0.0420 19.9538
9.0 0.9713 0.7056 0.8784 0.0439 0.0420 19.9906
9.0 0.9706 0.2720 0.2715 0.0439 0.0430 19.9911
9.0 0.9688 0.2720 0.1836 0.0420 0.0430 19.9292
9.0 0.9683 0.2720 0.0981 0.0439 0.0420 19.9394
9.0 0.9681 0.6187 0.8789 0.0439 0.0430 19.9874
9.0 0.9678 0.6196 0.7051 0.0420 0.0410 19.9800
8.0 0.9676 0.8784 0.8794 0.0439 0.0420 10.0946
9.0 0.9670 0.1846 0.1841 0.0449 0.0439 19.9410
9.0 0.9669 0.2710 0.8789 0.0439 0.0410 19.9962
8.0 0.9663 0.3589 0.6182 0.0439 0.0430 10.4142
9.0 0.9662 0.4463 0.2710 0.0430 0.0420 19.9114
9.0 0.9658 0.7925 0.2720 0.0420 0.0420 19.8752
9.0 0.9653 0.7061 0.6177 0.0430 0.0420 19.7871
9.0 0.9653 0.2725 0.6187 0.0430 0.0420 19.9465
8.0 0.9645 0.0981 0.0977 0.0439 0.0430 10.0502
9.0 0.9641 0.0981 0.3564 0.0420 0.0430 19.8684
9.0 0.9612 0.4458 0.0977 0.0420 0.0410 19.8223
8.0 0.9599 0.0977 0.4448 0.0430 0.0439 10.0502
9.0 0.9596 0.0981 0.2710 0.0420 0.0420 19.9509
9.0 0.9595 0.8789 0.3574 0.0430 0.0430 19.8363
9.0 0.9583 0.4458 0.7920 0.0420 0.0410 19.7594
9.0 0.9582 0.6196 0.0981 0.0420 0.0420 19.7531
9.0 0.9578 0.5317 0.8784 0.0439 0.0420 19.8846
8.0 0.9551 0.7056 0.7920 0.0439 0.0430 10.4330
9.0 0.9546 0.4448 0.8789 0.0439 0.0410 19.8885
8.0 0.9540 0.8799 0.7915 0.0430 0.0439 10.3884
8.0 0.9498 0.2715 0.7051 0.0430 0.0430 10.3364
8.0 0.9481 0.7920 0.8789 0.0430 0.0430 10.6015
9.0 0.9470 0.2715 0.5312 0.0449 0.0410 19.7939
8.0 0.9441 0.4458 0.0977 0.0459 0.0430 10.5348
8.0 0.9411 0.7920 0.1841 0.0430 0.0439 10.6020
9.0 0.9371 0.0977 0.5312 0.0430 0.0410 19.9487
9.0 0.9358 0.1855 0.2710 0.0449 0.0439 19.4311
9.0 0.9353 0.0977 0.7051 0.0430 0.0410 19.9596
8.0 0.9336 0.4458 0.1841 0.0439 0.0439 10.7039
9.0 0.9327 0.1855 0.4448 0.0449 0.0420 19.2460
9.0 0.9320 0.5317 0.7051 0.0439 0.0430 19.7126
9.0 0.9306 0.5317 0.3569 0.0439 0.0439 19.6667
8.0 0.9300 0.8779 0.7046 0.0430 0.0439 10.2115
9.0 0.9250 0.5322 0.7920 0.0430 0.0430 18.9415
9.0 0.9233 0.3579 0.7051 0.0439 0.0430 19.6631
9.0 0.9226 0.5322 0.4448 0.0449 0.0439 19.4944
8.0 0.9204 0.7056 0.1841 0.0439 0.0439 10.4176
9.0 0.9190 0.5317 0.1836 0.0439 0.0430 19.6241
8.0 0.9162 0.6191 0.1841 0.0449 0.0439 11.1225
9.0 0.9157 0.0977 0.6187 0.0430 0.0439 19.3824
8.0 0.9150 0.7925 0.5312 0.0439 0.0430 10.0631
9.0 0.9147 0.8779 0.2710 0.0449 0.0420 19.8259
8.0 0.9145 0.7925 0.7051 0.0439 0.0430 10.1753
9.0 0.9125 0.6196 0.4453 0.0420 0.0410 19.1529
9.0 0.9112 0.1851 0.7920 0.0439 0.0430 19.7395
9.0 0.9082 0.5327 0.0977 0.0439 0.0430 19.8441
8.0 0.9038 0.4463 0.3579 0.0449 0.0439 11.2199
9.0 0.8993 0.4458 0.3569 0.0420 0.0420 19.1029
9.0 0.8901 0.7925 0.3579 0.0420 0.0420 18.9035
9.0 0.8897 0.0977 0.7925 0.0430 0.0420 19.3649
8.0 0.8890 0.6191 0.4443 0.0449 0.0430 11.7102
9.0 0.8837 0.5327 0.2715 0.0439 0.0430 19.4619
9.0 0.8834 0.7061 0.4448 0.0449 0.0439 18.6923
9.0 0.8788 0.8784 0.5312 0.0439 0.0430 19.2856
8.0 0.8782 0.1846 0.7041 0.0430 0.0430 11.4051
8.0 0.8722 0.5332 0.2710 0.0430 0.0439 11.3352
9.0 0.8678 0.5322 0.6172 0.0430 0.0430 17.9385
8.0 0.8607 0.7930 0.2710 0.0430 0.0439 11.7078
8.0 0.8604 0.6191 0.0972 0.0449 0.0439 11.8759
9.0 0.8567 0.8789 0.7920 0.0430 0.0430 16.8674
9.0 0.8563 0.3584 0.4448 0.0449 0.0439 18.7631
8.0 0.8546 0.2720 0.4458 0.0439 0.0439 10.7720
9.0 0.8483 0.8794 0.6187 0.0439 0.0420 18.1630
8.0 0.8403 0.5327 0.6177 0.0439 0.0420 12.0608
8.0 0.8348 0.8784 0.5312 0.0439 0.0430 11.1753
8.0 0.8292 0.5327 0.1841 0.0439 0.0439 12.7380
8.0 0.8235 0.5317 0.7046 0.0439 0.0439 11.3553
8.0 0.8233 0.8789 0.6182 0.0430 0.0430 12.6200
8.0 0.8149 0.3594 0.7046 0.0449 0.0420 11.4748
9.0 0.8060 0.7056 0.2715 0.0439 0.0430 17.0684
9.0 0.8058 0.4458 0.1841 0.0439 0.0420 18.3169
8.0 0.7817 0.7920 0.3584 0.0430 0.0430 12.9606
8.0 0.7775 0.4458 0.7925 0.0439 0.0420 13.0820
9.0 0.7669 0.2715 0.7920 0.0430 0.0430 16.4377
8.0 0.7628 0.7056 0.2715 0.0439 0.0449 11.8437
9.0 0.7617 0.7056 0.7920 0.0439 0.0430 15.7371
8.0 0.7560 0.5327 0.0972 0.0439 0.0420 11.8862
9.0 0.7542 0.6196 0.1841 0.0420 0.0420 17.4670
9.0 0.7470 0.7925 0.6191 0.0420 0.0410 17.5063
9.0 0.7379 0.8784 0.7056 0.0439 0.0420 18.2894
8.0 0.7083 0.2725 0.7920 0.0430 0.0430 13.0866
9.0 0.6565 0.1846 0.7051 0.0449 0.0430 17.6806
8.0 0.6521 0.4458 0.8789 0.0439 0.0430 12.7758
8.0 0.6479 0.5327 0.3579 0.0439 0.0439 14.3483
8.0 0.6421 0.0972 0.7925 0.0439 0.0420 12.9945
8.0 0.6332 0.8794 0.2710 0.0420 0.0439 14.5622
8.0 0.6078 0.5322 0.7915 0.0430 0.0420 14.5265
8.0 0.5842 0.4463 0.2710 0.0449 0.0439 14.9988
8.0 0.5719 0.4458 0.4448 0.0439 0.0420 14.8764
8.0 0.5656 0.0977 0.6172 0.0430 0.0430 14.8403
8.0 0.5417 0.5322 0.8779 0.0430 0.0430 14.2057
9.0 0.5354 0.3589 0.6187 0.0439 0.0420 15.7864
8.0 0.5145 0.2715 0.5308 0.0430 0.0420 14.9296
