8.0 0.9854 812.00 811.00 46.00 44.00 10.0410
8.0 0.9845 811.50 100.50 45.00 45.00 10.0442
8.0 0.9835 812.00 455.00 46.00 44.00 10.1263
9.0 0.9813 367.50 810.50 45.00 43.00 19.9344
9.0 0.9812 189.50 633.00 45.00 42.00 19.9245
9.0 0.9807 367.00 543.50 44.00 43.00 19.9977
8.0 0.9807 900.50 455.00 45.00 44.00 10.0464
9.0 0.9806 189.50 543.50 45.00 43.00 19.9922
8.0 0.9797 899.50 188.50 45.00 45.00 10.0106
8.0 0.9796 900.00 99.50 44.00 45.00 10.0020
9.0 0.9794 189.00 366.00 46.00 44.00 19.9897
9.0 0.9790 544.50 544.00 45.00 44.00 19.9892
9.0 0.9785 366.50 366.00 45.00 44.00 19.9974
9.0 0.9778 634.00 278.50 46.00 43.00 19.9767
9.0 0.9774 189.50 899.50 45.00 43.00 19.9866
9.0 0.9773 456.50 544.00 43.00 42.00 19.9998
9.0 0.9773 722.50 544.00 45.00 44.00 19.9908
9.0 0.9771 634.50 366.00 43.00 42.00 19.9975
9.0 0.9770 722.50 100.00 45.00 44.00 19.9905
9.0 0.9767 634.50 544.00 43.00 42.00 19.9936
9.0 0.9762 634.50 811.50 43.00 43.00 19.9986
9.0 0.9762 367.50 100.50 45.00 43.00 19.9977
8.0 0.9759 99.50 188.50 45.00 45.00 10.0270
9.0 0.9758 278.50 365.50 43.00 43.00 19.9854
9.0 0.9755 722.50 366.00 45.00 44.00 19.9992
9.0 0.9755 456.50 722.00 43.00 42.00 19.9882
9.0 0.9754 456.50 633.00 43.00 42.00 19.9928
9.0 0.9753 367.00 900.00 44.00 42.00 19.9995
9.0 0.9752 722.00 722.00 44.00 44.00 19.9819
9.0 0.9751 634.50 633.50 43.00 43.00 19.9647
8.0 0.9750 812.00 633.00 46.00 44.00 10.2823
9.0 0.9747 189.50 100.00 45.00 44.00 19.9657
8.0 0.9739 99.50 900.00 45.00 44.00 10.0245
9.0 0.9735 367.50 278.00 45.00 44.00 19.8860
9.0 0.9725 367.00 188.00 46.00 44.00 19.9780
9.0 0.9723 456.50 455.50 43.00 43.00 19.9538
9.0 0.9713 722.50 899.50 45.00 43.00 19.9906
9.0 0.9706 278.50 278.00 45.00 44.00 19.9911
9.0 0.9688 278.50 188.00 43.00 44.00 19.9292
9.0 0.9683 278.50 100.50 45.00 43.00 19.9394
9.0 0.9681 633.50 900.00 45.00 44.00 19.9874
9.0 0.9678 634.50 722.00 43.00 42.00 19.9800
8.0 0.9676 899.50 900.50 45.00 43.00 10.0946
9.0 0.9670 189.00 188.50 46.00 45.00 19.9410
9.0 0.9669 277.50 900.00 45.00 42.00 19.9962
8.0 0.9663 367.50 633.00 45.00 44.00 10.4142
9.0 0.9662 457.00 277.50 44.00 43.00 19.9114
9.0 0.9658 811.50 278.50 43.00 43.00 19.8752
9.0 0.9653 723.00 632.50 44.00 43.00 19.7871
9.0 0.9653 279.00 633.50 44.00 43.00 19.9465
8.0 0.9645 100.50 100.00 45.00 44.00 10.0502
9.0 0.9641 100.50 365.00 43.00 44.00 19.8684
9.0 0.9612 456.50 100.00 43.00 42.00 19.8223
8.0 0.9599 100.00 455.50 44.00 45.00 10.0502
9.0 0.9596 100.50 277.50 43.00 43.00 19.9509
9.0 0.9595 900.00 366.00 44.00 44.00 19.8363
9.0 0.9583 456.50 811.00 43.00 42.00 19.7594
9.0 0.9582 634.50 100.50 43.00 43.00 19.7531
9.0 0.9578 544.50 899.50 45.00 43.00 19.8846
8.0 0.9551 722.50 811.00 45.00 44.00 10.4330
9.0 0.9546 455.50 900.00 45.00 42.00 19.8885
8.0 0.9540 901.00 810.50 44.00 45.00 10.3884
8.0 0.9498 278.00 722.00 44.00 44.00 10.3364
8.0 0.9481 811.00 900.00 44.00 44.00 10.6015
9.0 0.9470 278.00 544.00 46.00 42.00 19.7939
8.0 0.9441 456.50 100.00 47.00 44.00 10.5348
8.0 0.9411 811.00 188.50 44.00 45.00 10.6020
9.0 0.9371 100.00 544.00 44.00 42.00 19.9487
9.0 0.9358 190.00 277.50 46.00 45.00 19.4311
9.0 0.9353 100.00 722.00 44.00 42.00 19.9596
8.0 0.9336 456.50 188.50 45.00 45.00 10.7039
9.0 0.9327 190.00 455.50 46.00 43.00 19.2460
9.0 0.9320 544.50 722.00 45.00 44.00 19.7126
9.0 0.9306 544.50 365.50 45.00 45.00 19.6667
8.0 0.9300 899.00 721.50 44.00 45.00 10.2115
9.0 0.9250 545.00 811.00 44.00 44.00 18.9415
9.0 0.9233 366.50 722.00 45.00 44.00 19.6631
9.0 0.9226 545.00 455.50 46.00 45.00 19.4944
8.0 0.9204 722.50 188.50 45.00 45.00 10.4176
9.0 0.9190 544.50 188.00 45.00 44.00 19.6241
8.0 0.9162 634.00 188.50 46.00 45.00 11.1225
9.0 0.9157 100.00 633.50 44.00 45.00 19.3824
8.0 0.9150 811.50 544.00 45.00 44.00 10.0631
9.0 0.9147 899.00 277.50 46.00 43.00 19.8259
8.0 0.9145 811.50 722.00 45.00 44.00 10.1753
9.0 0.9125 634.50 456.00 43.00 42.00 19.1529
9.0 0.9112 189.50 811.00 45.00 44.00 19.7395
9.0 0.9082 545.50 100.00 45.00 44.00 19.8441
8.0 0.9038 457.00 366.50 46.00 45.00 11.2199
9.0 0.8993 456.50 365.50 43.00 43.00 19.1029
9.0 0.8901 811.50 366.50 43.00 43.00 18.9035
9.0 0.8897 100.00 811.50 44.00 43.00 19.3649
8.0 0.8890 634.00 455.00 46.00 44.00 11.7102
9.0 0.8837 545.50 278.00 45.00 44.00 19.4619
9.0 0.8834 723.00 455.50 46.00 45.00 18.6923
9.0 0.8788 899.50 544.00 45.00 44.00 19.2856
8.0 0.8782 189.00 721.00 44.00 44.00 11.4051
8.0 0.8722 546.00 277.50 44.00 45.00 11.3352
9.0 0.8678 545.00 632.00 44.00 44.00 17.9385
8.0 0.8607 812.00 277.50 44.00 45.00 11.7078
8.0 0.8604 634.00 99.50 46.00 45.00 11.8759
9.0 0.8567 900.00 811.00 44.00 44.00 16.8674
9.0 0.8563 367.00 455.50 46.00 45.00 18.7631
8.0 0.8546 278.50 456.50 45.00 45.00 10.7720
9.0 0.8483 900.50 633.50 45.00 43.00 18.1630
8.0 0.8403 545.50 632.50 45.00 43.00 12.0608
8.0 0.8348 899.50 544.00 45.00 44.00 11.1753
8.0 0.8292 545.50 188.50 45.00 45.00 12.7380
8.0 0.8235 544.50 721.50 45.00 45.00 11.3553
8.0 0.8233 900.00 633.00 44.00 44.00 12.6200
8.0 0.8149 368.00 721.50 46.00 43.00 11.4748
9.0 0.8060 722.50 278.00 45.00 44.00 17.0684
9.0 0.8058 456.50 188.50 45.00 43.00 18.3169
8.0 0.7817 811.00 367.00 44.00 44.00 12.9606
8.0 0.7775 456.50 811.50 45.00 43.00 13.0820
9.0 0.7669 278.00 811.00 44.00 44.00 16.4377
8.0 0.7628 722.50 278.00 45.00 46.00 11.8437
9.0 0.7617 722.50 811.00 45.00 44.00 15.7371
8.0 0.7560 545.50 99.50 45.00 43.00 11.8862
9.0 0.7542 634.50 188.50 43.00 43.00 17.4670
9.0 0.7470 811.50 634.00 43.00 42.00 17.5063
9.0 0.7379 899.50 722.50 45.00 43.00 18.2894
8.0 0.7083 279.00 811.00 44.00 44.00 13.0866
9.0 0.6565 189.00 722.00 46.00 44.00 17.6806
8.0 0.6521 456.50 900.00 45.00 44.00 12.7758
8.0 0.6479 545.50 366.50 45.00 45.00 14.3483
8.0 0.6421 99.50 811.50 45.00 43.00 12.9945
8.0 0.6332 900.50 277.50 43.00 45.00 14.5622
8.0 0.6078 545.00 810.50 44.00 43.00 14.5265
8.0 0.5842 457.00 277.50 46.00 45.00 14.9988
8.0 0.5719 456.50 455.50 45.00 43.00 14.8764
8.0 0.5656 100.00 632.00 44.00 44.00 14.8403
8.0 0.5417 545.00 899.00 44.00 44.00 14.2057
9.0 0.5354 367.50 633.50 45.00 43.00 15.7864
8.0 0.5145 278.00 543.50 44.00 43.00 14.9296
