8.0 0.9880 0.1851 0.7925 0.0420 0.0420 10.0073
8.0 0.9866 0.3584 0.4448 0.0430 0.0420 10.0108
8.0 0.9865 0.3589 0.6187 0.0420 0.0420 10.0057
8.0 0.9860 0.3584 0.7925 0.0410 0.0420 10.0049
8.0 0.9847 0.7925 0.6187 0.0439 0.0420 10.0425
8.0 0.9836 0.7056 0.1846 0.0420 0.0430 10.0041
8.0 0.9835 0.1851 0.2710 0.0439 0.0420 10.0564
8.0 0.9827 0.6187 0.1841 0.0420 0.0420 10.0167
8.0 0.9825 0.5322 0.2710 0.0430 0.0420 10.0095
8.0 0.9822 0.1846 0.0977 0.0430 0.0430 10.0100
8.0 0.9822 0.7925 0.7915 0.0420 0.0420 10.0026
8.0 0.9820 0.5327 0.4443 0.0420 0.0410 10.1008
8.0 0.9816 0.7920 0.1846 0.0410 0.0410 10.0029
8.0 0.9814 0.7056 0.4448 0.0420 0.0420 10.0452
8.0 0.9813 0.3589 0.0977 0.0420 0.0430 10.0009
8.0 0.9813 0.7920 0.2710 0.0430 0.0420 10.0940
8.0 0.9812 0.8794 0.6177 0.0420 0.0420 10.0051
8.0 0.9811 0.5317 0.7915 0.0420 0.0420 10.0009
8.0 0.9810 0.5322 0.1841 0.0410 0.0420 10.0007
8.0 0.9807 0.8794 0.2710 0.0420 0.0420 10.0027
8.0 0.9803 0.7056 0.7920 0.0420 0.0430 10.0038
8.0 0.9801 0.8794 0.4438 0.0420 0.0420 10.0488
8.0 0.9800 0.6191 0.7920 0.0430 0.0430 10.0076
8.0 0.9799 0.5317 0.0977 0.0420 0.0430 10.0010
8.0 0.9799 0.7925 0.7051 0.0420 0.0410 10.0175
8.0 0.9798 0.4453 0.3574 0.0430 0.0410 10.0297
8.0 0.9796 0.8794 0.0972 0.0420 0.0420 10.0011
8.0 0.9796 0.7920 0.0977 0.0430 0.0430 10.0008
8.0 0.9795 0.7056 0.0977 0.0420 0.0430 10.0011
8.0 0.9795 0.7925 0.3579 0.0420 0.0400 10.0376
8.0 0.9794 0.4458 0.4448 0.0439 0.0420 10.0634
8.0 0.9789 0.8794 0.7915 0.0420 0.0420 10.0032
8.0 0.9786 0.6187 0.8789 0.0420 0.0410 10.0224
8.0 0.9785 0.4448 0.1841 0.0420 0.0420 10.0083
8.0 0.9784 0.4448 0.7051 0.0420 0.0410 10.0366
8.0 0.9784 0.2715 0.3579 0.0430 0.0420 10.0318
8.0 0.9775 0.4448 0.0981 0.0420 0.0420 10.0031
8.0 0.9772 0.6187 0.0986 0.0420 0.0410 10.0061
8.0 0.9769 0.7925 0.8789 0.0420 0.0410 10.0313
8.0 0.9765 0.0967 0.3579 0.0430 0.0420 10.0091
8.0 0.9764 0.8789 0.1841 0.0430 0.0420 10.0244
8.0 0.9762 0.6187 0.2715 0.0439 0.0430 10.1521
8.0 0.9757 0.2710 0.7051 0.0420 0.0410 10.0327
8.0 0.9756 0.6191 0.4443 0.0430 0.0410 10.2261
8.0 0.9752 0.0977 0.7051 0.0430 0.0410 10.0188
8.0 0.9751 0.3584 0.3584 0.0430 0.0430 10.0056
8.0 0.9748 0.5327 0.6182 0.0420 0.0410 10.2545
8.0 0.9746 0.2720 0.2710 0.0439 0.0420 10.0098
8.0 0.9741 0.2715 0.1846 0.0430 0.0430 10.0016
8.0 0.9739 0.3589 0.1841 0.0420 0.0420 10.0056
8.0 0.9736 0.0977 0.1846 0.0430 0.0430 10.0052
8.0 0.9728 0.0977 0.8789 0.0430 0.0410 10.0083
8.0 0.9726 0.3584 0.2710 0.0430 0.0420 10.2352
8.0 0.9725 0.5322 0.3574 0.0430 0.0410 10.0100
8.0 0.9725 0.4458 0.2710 0.0439 0.0420 10.1110
8.0 0.9706 0.7051 0.3574 0.0430 0.0430 10.0347
8.0 0.9697 0.2720 0.7920 0.0420 0.0410 10.0560
8.0 0.9697 0.2715 0.6187 0.0430 0.0420 10.0063
8.0 0.9694 0.8784 0.8789 0.0420 0.0410 10.0771
8.0 0.9690 0.4453 0.7920 0.0430 0.0410 10.2792
8.0 0.9689 0.4448 0.8789 0.0420 0.0410 10.1335
8.0 0.9687 0.1846 0.4443 0.0430 0.0410 10.4045
8.0 0.9670 0.8784 0.3579 0.0420 0.0420 10.0895
8.0 0.9651 0.0977 0.2710 0.0430 0.0420 10.0331
8.0 0.9650 0.7056 0.6182 0.0420 0.0410 10.3669
8.0 0.9649 0.1851 0.1841 0.0420 0.0420 10.0025
8.0 0.9646 0.2720 0.0977 0.0439 0.0410 10.1319
8.0 0.9644 0.0977 0.6187 0.0430 0.0420 10.0089
8.0 0.9634 0.7056 0.5308 0.0439 0.0420 10.0702
8.0 0.9632 0.7056 0.7046 0.0439 0.0420 10.0368
8.0 0.9618 0.0977 0.0977 0.0430 0.0410 10.0030
8.0 0.9618 0.7056 0.8789 0.0420 0.0410 10.1364
8.0 0.9609 0.0972 0.5312 0.0420 0.0410 10.2270
9.0 0.9602 0.4458 0.5308 0.0420 0.0400 19.7478
8.0 0.9600 0.0977 0.4448 0.0430 0.0420 10.0831
8.0 0.9599 0.6191 0.6182 0.0430 0.0410 10.5029
8.0 0.9597 0.8789 0.5312 0.0430 0.0410 10.0763
8.0 0.9591 0.8789 0.7051 0.0430 0.0410 10.0414
8.0 0.9579 0.0981 0.7925 0.0420 0.0420 10.0245
8.0 0.9576 0.1851 0.3579 0.0420 0.0420 10.1044
8.0 0.9574 0.3594 0.5312 0.0430 0.0410 10.0444
8.0 0.9547 0.2715 0.8789 0.0430 0.0410 10.2196
8.0 0.9546 0.1851 0.5317 0.0420 0.0420 10.1284
8.0 0.9538 0.6196 0.3579 0.0420 0.0420 10.0811
8.0 0.9523 0.3579 0.8784 0.0420 0.0420 10.0156
8.0 0.9514 0.5317 0.8789 0.0420 0.0410 10.0516
8.0 0.9507 0.3579 0.7046 0.0420 0.0420 10.0166
8.0 0.9491 0.1846 0.8794 0.0430 0.0420 10.1045
8.0 0.9438 0.1851 0.6182 0.0420 0.0410 10.8303
8.0 0.9414 0.1846 0.7046 0.0430 0.0420 10.0913
9.0 0.9265 0.2715 0.8794 0.0430 0.0400 19.6279
8.0 0.9228 0.7925 0.5312 0.0420 0.0410 10.0264
8.0 0.9196 0.6187 0.5317 0.0420 0.0420 10.0387
8.0 0.9180 0.7930 0.4443 0.0430 0.0410 11.2728
8.0 0.9175 0.6187 0.7051 0.0420 0.0430 10.0400
8.0 0.9167 0.5317 0.7046 0.0420 0.0420 10.3368
9.0 0.9110 0.2715 0.5317 0.0430 0.0400 19.5252
9.0 0.9024 0.4458 0.2720 0.0400 0.0400 19.1220
9.0 0.8992 0.6191 0.2720 0.0410 0.0400 19.0070
9.0 0.8989 0.4458 0.6187 0.0400 0.0400 19.0296
8.0 0.8738 0.5322 0.5312 0.0430 0.0410 10.7919
8.0 0.8729 0.4453 0.6182 0.0430 0.0410 11.7892
9.0 0.8669 0.5327 0.5312 0.0439 0.0410 19.1900
9.0 0.8514 0.5317 0.7056 0.0420 0.0420 19.1986
9.0 0.8362 0.7930 0.4458 0.0410 0.0400 18.3546
8.0 0.8310 0.7056 0.2710 0.0420 0.0420 12.0053
8.0 0.7902 0.2715 0.5317 0.0430 0.0420 11.5630
9.0 0.7541 0.7051 0.2715 0.0430 0.0430 16.3870
8.0 0.7425 0.2720 0.4448 0.0420 0.0420 10.9668
9.0 0.7348 0.6191 0.6191 0.0410 0.0410 17.1359
8.0 0.7341 0.4453 0.5317 0.0430 0.0420 11.9357
9.0 0.6896 0.0981 0.5317 0.0420 0.0400 16.9485
9.0 0.6228 0.2720 0.4448 0.0420 0.0420 15.9697
9.0 0.6062 0.7056 0.6187 0.0420 0.0420 15.2377
9.0 0.6028 0.5327 0.6187 0.0439 0.0420 15.8027
9.0 0.5479 0.6191 0.5317 0.0410 0.0400 15.2394
9.0 0.4950 0.4448 0.7915 0.0420 0.0420 15.8450
9.0 0.4218 0.5332 0.4453 0.0430 0.0410 15.9394
