8.0 0.9880 189.50 811.50 43.00 43.00 10.0073
8.0 0.9866 367.00 455.50 44.00 43.00 10.0108
8.0 0.9865 367.50 633.50 43.00 43.00 10.0057
8.0 0.9860 367.00 811.50 42.00 43.00 10.0049
8.0 0.9847 811.50 633.50 45.00 43.00 10.0425
8.0 0.9836 722.50 189.00 43.00 44.00 10.0041
8.0 0.9835 189.50 277.50 45.00 43.00 10.0564
8.0 0.9827 633.50 188.50 43.00 43.00 10.0167
8.0 0.9825 545.00 277.50 44.00 43.00 10.0095
8.0 0.9822 189.00 100.00 44.00 44.00 10.0100
8.0 0.9822 811.50 810.50 43.00 43.00 10.0026
8.0 0.9820 545.50 455.00 43.00 42.00 10.1008
8.0 0.9816 811.00 189.00 42.00 42.00 10.0029
8.0 0.9814 722.50 455.50 43.00 43.00 10.0452
8.0 0.9813 367.50 100.00 43.00 44.00 10.0009
8.0 0.9813 811.00 277.50 44.00 43.00 10.0940
8.0 0.9812 900.50 632.50 43.00 43.00 10.0051
8.0 0.9811 544.50 810.50 43.00 43.00 10.0009
8.0 0.9810 545.00 188.50 42.00 43.00 10.0007
8.0 0.9807 900.50 277.50 43.00 43.00 10.0027
8.0 0.9803 722.50 811.00 43.00 44.00 10.0038
8.0 0.9801 900.50 454.50 43.00 43.00 10.0488
8.0 0.9800 634.00 811.00 44.00 44.00 10.0076
8.0 0.9799 544.50 100.00 43.00 44.00 10.0010
8.0 0.9799 811.50 722.00 43.00 42.00 10.0175
8.0 0.9798 456.00 366.00 44.00 42.00 10.0297
8.0 0.9796 900.50 99.50 43.00 43.00 10.0011
8.0 0.9796 811.00 100.00 44.00 44.00 10.0008
8.0 0.9795 722.50 100.00 43.00 44.00 10.0011
8.0 0.9795 811.50 366.50 43.00 41.00 10.0376
8.0 0.9794 456.50 455.50 45.00 43.00 10.0634
8.0 0.9789 900.50 810.50 43.00 43.00 10.0032
8.0 0.9786 633.50 900.00 43.00 42.00 10.0224
8.0 0.9785 455.50 188.50 43.00 43.00 10.0083
8.0 0.9784 455.50 722.00 43.00 42.00 10.0366
8.0 0.9784 278.00 366.50 44.00 43.00 10.0318
8.0 0.9775 455.50 100.50 43.00 43.00 10.0031
8.0 0.9772 633.50 101.00 43.00 42.00 10.0061
8.0 0.9769 811.50 900.00 43.00 42.00 10.0313
8.0 0.9765 99.00 366.50 44.00 43.00 10.0091
8.0 0.9764 900.00 188.50 44.00 43.00 10.0244
8.0 0.9762 633.50 278.00 45.00 44.00 10.1521
8.0 0.9757 277.50 722.00 43.00 42.00 10.0327
8.0 0.9756 634.00 455.00 44.00 42.00 10.2261
8.0 0.9752 100.00 722.00 44.00 42.00 10.0188
8.0 0.9751 367.00 367.00 44.00 44.00 10.0056
8.0 0.9748 545.50 633.00 43.00 42.00 10.2545
8.0 0.9746 278.50 277.50 45.00 43.00 10.0098
8.0 0.9741 278.00 189.00 44.00 44.00 10.0016
8.0 0.9739 367.50 188.50 43.00 43.00 10.0056
8.0 0.9736 100.00 189.00 44.00 44.00 10.0052
8.0 0.9728 100.00 900.00 44.00 42.00 10.0083
8.0 0.9726 367.00 277.50 44.00 43.00 10.2352
8.0 0.9725 545.00 366.00 44.00 42.00 10.0100
8.0 0.9725 456.50 277.50 45.00 43.00 10.1110
8.0 0.9706 722.00 366.00 44.00 44.00 10.0347
8.0 0.9697 278.50 811.00 43.00 42.00 10.0560
8.0 0.9697 278.00 633.50 44.00 43.00 10.0063
8.0 0.9694 899.50 900.00 43.00 42.00 10.0771
8.0 0.9690 456.00 811.00 44.00 42.00 10.2792
8.0 0.9689 455.50 900.00 43.00 42.00 10.1335
8.0 0.9687 189.00 455.00 44.00 42.00 10.4045
8.0 0.9670 899.50 366.50 43.00 43.00 10.0895
8.0 0.9651 100.00 277.50 44.00 43.00 10.0331
8.0 0.9650 722.50 633.00 43.00 42.00 10.3669
8.0 0.9649 189.50 188.50 43.00 43.00 10.0025
8.0 0.9646 278.50 100.00 45.00 42.00 10.1319
8.0 0.9644 100.00 633.50 44.00 43.00 10.0089
8.0 0.9634 722.50 543.50 45.00 43.00 10.0702
8.0 0.9632 722.50 721.50 45.00 43.00 10.0368
8.0 0.9618 100.00 100.00 44.00 42.00 10.0030
8.0 0.9618 722.50 900.00 43.00 42.00 10.1364
8.0 0.9609 99.50 544.00 43.00 42.00 10.2270
9.0 0.9602 456.50 543.50 43.00 41.00 19.7478
8.0 0.9600 100.00 455.50 44.00 43.00 10.0831
8.0 0.9599 634.00 633.00 44.00 42.00 10.5029
8.0 0.9597 900.00 544.00 44.00 42.00 10.0763
8.0 0.9591 900.00 722.00 44.00 42.00 10.0414
8.0 0.9579 100.50 811.50 43.00 43.00 10.0245
8.0 0.9576 189.50 366.50 43.00 43.00 10.1044
8.0 0.9574 368.00 544.00 44.00 42.00 10.0444
8.0 0.9547 278.00 900.00 44.00 42.00 10.2196
8.0 0.9546 189.50 544.50 43.00 43.00 10.1284
8.0 0.9538 634.50 366.50 43.00 43.00 10.0811
8.0 0.9523 366.50 899.50 43.00 43.00 10.0156
8.0 0.9514 544.50 900.00 43.00 42.00 10.0516
8.0 0.9507 366.50 721.50 43.00 43.00 10.0166
8.0 0.9491 189.00 900.50 44.00 43.00 10.1045
8.0 0.9438 189.50 633.00 43.00 42.00 10.8303
8.0 0.9414 189.00 721.50 44.00 43.00 10.0913
9.0 0.9265 278.00 900.50 44.00 41.00 19.6279
8.0 0.9228 811.50 544.00 43.00 42.00 10.0264
8.0 0.9196 633.50 544.50 43.00 43.00 10.0387
8.0 0.9180 812.00 455.00 44.00 42.00 11.2728
8.0 0.9175 633.50 722.00 43.00 44.00 10.0400
8.0 0.9167 544.50 721.50 43.00 43.00 10.3368
9.0 0.9110 278.00 544.50 44.00 41.00 19.5252
9.0 0.9024 456.50 278.50 41.00 41.00 19.1220
9.0 0.8992 634.00 278.50 42.00 41.00 19.0070
9.0 0.8989 456.50 633.50 41.00 41.00 19.0296
8.0 0.8738 545.00 544.00 44.00 42.00 10.7919
8.0 0.8729 456.00 633.00 44.00 42.00 11.7892
9.0 0.8669 545.50 544.00 45.00 42.00 19.1900
9.0 0.8514 544.50 722.50 43.00 43.00 19.1986
9.0 0.8362 812.00 456.50 42.00 41.00 18.3546
8.0 0.8310 722.50 277.50 43.00 43.00 12.0053
8.0 0.7902 278.00 544.50 44.00 43.00 11.5630
9.0 0.7541 722.00 278.00 44.00 44.00 16.3870
8.0 0.7425 278.50 455.50 43.00 43.00 10.9668
9.0 0.7348 634.00 634.00 42.00 42.00 17.1359
8.0 0.7341 456.00 544.50 44.00 43.00 11.9357
9.0 0.6896 100.50 544.50 43.00 41.00 16.9485
9.0 0.6228 278.50 455.50 43.00 43.00 15.9697
9.0 0.6062 722.50 633.50 43.00 43.00 15.2377
9.0 0.6028 545.50 633.50 45.00 43.00 15.8027
9.0 0.5479 634.00 544.50 42.00 41.00 15.2394
9.0 0.4950 455.50 810.50 43.00 43.00 15.8450
9.0 0.4218 546.00 456.00 44.00 42.00 15.9394
