7.0 0.9673 811.50 899.50 27.00 27.00 -0.2447
7.0 0.9649 811.00 811.00 26.00 26.00 -0.1063
7.0 0.9642 811.00 721.00 26.00 26.00 -0.1902
7.0 0.9618 811.50 100.00 27.00 26.00 -0.0554
7.0 0.9594 634.00 100.00 26.00 26.00 -0.0939
7.0 0.9590 278.00 100.00 26.00 26.00 -0.0585
7.0 0.9587 456.00 100.00 26.00 26.00 -0.1127
7.0 0.9586 723.00 100.00 26.00 26.00 -0.3373
7.0 0.9579 634.00 366.00 26.00 26.00 -0.0450
7.0 0.9579 634.00 277.00 26.00 26.00 -0.0356
7.0 0.9576 900.50 811.00 25.00 26.00 -0.1414
7.0 0.9569 545.00 100.00 26.00 26.00 -0.1834
7.0 0.9556 367.00 100.00 26.00 26.00 -0.3157
7.0 0.9553 900.00 100.00 26.00 26.00 -0.1873
7.0 0.9548 545.00 900.00 26.00 26.00 -0.5304
7.0 0.9546 100.00 811.00 26.00 26.00 -0.0148
7.0 0.9544 722.50 721.00 25.00 26.00 -0.9821
7.0 0.9534 367.00 188.50 26.00 27.00 -0.1470
7.0 0.9532 456.00 811.00 26.00 26.00 -1.0954
7.0 0.9532 633.50 899.50 25.00 25.00 -1.2816
7.0 0.9521 456.00 899.50 26.00 25.00 -0.7726
7.0 0.9513 634.00 455.00 26.00 26.00 -0.0534
7.0 0.9512 545.00 366.00 26.00 26.00 -0.0648
7.0 0.9510 634.00 189.00 26.00 26.00 -0.0334
7.0 0.9510 456.00 278.00 26.00 26.00 -0.0350
7.0 0.9506 634.00 633.00 26.00 26.00 -1.0843
7.0 0.9506 723.00 366.50 26.00 25.00 -0.1693
7.0 0.9506 278.00 278.00 26.00 26.00 -0.0135
7.0 0.9501 811.50 366.50 27.00 27.00 -0.4012
7.0 0.9499 456.00 189.00 26.00 26.00 -0.1915
7.0 0.9496 101.00 188.00 26.00 26.00 -0.2494
7.0 0.9492 634.00 811.00 26.00 26.00 -1.3759
7.0 0.9490 722.50 810.50 25.00 25.00 -0.9742
7.0 0.9490 278.00 189.00 26.00 26.00 -0.0162
7.0 0.9489 100.00 722.00 26.00 26.00 -0.5957
7.0 0.9487 722.50 900.00 25.00 26.00 -1.4274
7.0 0.9476 278.00 899.50 26.00 25.00 -0.5518
7.0 0.9473 456.00 455.00 26.00 26.00 -0.0281
7.0 0.9470 634.00 544.50 26.00 25.00 -0.0542
7.0 0.9468 900.50 366.50 27.00 27.00 -0.3073
7.0 0.9465 189.00 100.00 26.00 26.00 -0.3586
7.0 0.9464 100.50 277.50 27.00 27.00 -0.0668
7.0 0.9463 367.00 366.50 26.00 27.00 -0.1124
7.0 0.9462 100.00 100.00 26.00 26.00 -0.0417
7.0 0.9456 633.50 721.00 25.00 26.00 -1.0550
7.0 0.9453 278.00 633.00 26.00 26.00 -0.4542
7.0 0.9450 367.00 455.50 26.00 27.00 -0.1549
7.0 0.9448 456.00 366.00 26.00 26.00 -0.1465
7.0 0.9440 456.00 722.00 26.00 26.00 -0.9660
7.0 0.9436 367.00 633.00 26.00 26.00 -0.6159
7.0 0.9433 100.00 633.00 26.00 26.00 -1.1772
7.0 0.9431 367.00 722.00 26.00 26.00 -0.5558
7.0 0.9428 189.50 277.50 25.00 27.00 -0.1789
7.0 0.9427 545.00 189.00 26.00 26.00 -0.1132
7.0 0.9425 100.00 366.00 26.00 26.00 -0.0533
7.0 0.9415 189.00 189.00 26.00 26.00 -0.0325
7.0 0.9413 456.00 544.50 26.00 25.00 -0.2266
7.0 0.9385 723.00 189.00 26.00 26.00 -0.5578
7.0 0.9381 544.50 544.50 25.00 25.00 -0.2891
7.0 0.9379 278.00 366.00 26.00 26.00 -0.1742
7.0 0.9376 900.00 277.50 26.00 27.00 -0.5330
7.0 0.9368 545.00 277.50 26.00 27.00 -0.4405
7.0 0.9362 545.00 811.00 26.00 26.00 -1.8304
7.0 0.9351 278.50 811.00 27.00 26.00 -2.1125
7.0 0.9340 278.00 544.00 26.00 26.00 -0.3929
7.0 0.9334 189.00 366.50 26.00 27.00 -0.1394
7.0 0.9329 100.00 544.50 26.00 25.00 -0.5781
7.0 0.9314 367.00 544.50 26.00 25.00 -0.1684
7.0 0.9299 544.50 722.00 25.00 26.00 -1.6442
7.0 0.9296 189.00 722.00 26.00 26.00 -1.3350
7.0 0.9295 278.00 455.50 26.00 27.00 -0.5717
7.0 0.9291 723.00 277.50 26.00 27.00 -0.6414
7.0 0.9281 278.00 721.00 26.00 26.00 -1.0003
7.0 0.9267 189.00 544.50 26.00 25.00 -0.2648
7.0 0.9265 900.50 188.50 25.00 25.00 -0.5849
7.0 0.9264 456.00 633.00 26.00 26.00 -1.8613
7.0 0.9257 811.50 189.00 27.00 26.00 -0.6746
7.0 0.9234 367.00 811.00 26.00 26.00 -2.2294
7.0 0.9229 545.00 455.00 26.00 26.00 -1.6599
7.0 0.9206 811.50 278.00 27.00 26.00 -0.5459
7.0 0.9179 900.50 722.00 25.00 26.00 -0.8222
7.0 0.9174 100.00 455.50 26.00 27.00 -0.9701
7.0 0.9165 367.00 900.00 26.00 26.00 -1.8191
7.0 0.9051 811.00 455.50 26.00 27.00 -0.5139
7.0 0.9027 545.00 633.00 26.00 26.00 -2.8465
7.0 0.9003 901.00 900.00 26.00 26.00 -1.1390
7.0 0.8961 367.00 278.00 26.00 26.00 -1.5755
7.0 0.8918 189.00 455.50 26.00 27.00 -1.1648
7.0 0.8817 723.00 455.00 26.00 26.00 -3.0495
6.0 0.8785 900.00 633.50 26.00 25.00 -7.8679
7.0 0.8774 811.00 544.50 26.00 25.00 -2.1590
7.0 0.8755 100.00 899.50 26.00 25.00 -2.2198
7.0 0.8700 189.00 811.00 26.00 26.00 -3.2011
6.0 0.8190 900.00 456.00 26.00 26.00 -7.7835
7.0 0.7926 811.00 633.00 26.00 26.00 -4.1342
6.0 0.7830 189.00 900.00 26.00 26.00 -6.6569
7.0 0.7646 723.00 633.00 26.00 26.00 -4.4062
7.0 0.7335 900.00 633.00 26.00 26.00 -3.2798
6.0 0.7272 900.50 544.50 25.00 25.00 -6.5330
6.0 0.6553 189.00 633.00 26.00 26.00 -5.1747
7.0 0.6476 189.00 900.00 26.00 26.00 -4.7792
7.0 0.6381 900.50 544.00 25.00 26.00 -3.3614
6.0 0.6235 722.50 544.50 25.00 25.00 -5.2061
7.0 0.5867 189.50 632.50 25.00 27.00 -4.4968
7.0 0.5697 722.00 544.00 26.00 24.00 -1.5382
7.0 0.5696 900.50 455.50 27.00 27.00 -3.9806
6.0 0.5538 811.00 633.00 26.00 26.00 -5.3382
