3.0 0.9507 0.5327 0.0972 0.0146 0.0146 -40.0243
3.0 0.9482 0.6187 0.1841 0.0146 0.0146 -40.0226
3.0 0.9476 0.5322 0.1841 0.0156 0.0146 -40.0133
3.0 0.9424 0.7056 0.0972 0.0146 0.0146 -40.0395
3.0 0.9421 0.7061 0.1841 0.0137 0.0146 -40.0173
3.0 0.9396 0.4453 0.0972 0.0137 0.0146 -40.0079
3.0 0.9392 0.7925 0.1841 0.0146 0.0146 -40.0319
3.0 0.9391 0.7056 0.2710 0.0146 0.0146 -40.0349
3.0 0.9383 0.6187 0.0967 0.0146 0.0156 -40.0642
3.0 0.9352 0.8794 0.1841 0.0146 0.0146 -40.0148
3.0 0.9275 0.4453 0.1836 0.0156 0.0156 -40.0198
3.0 0.9255 0.8794 0.0977 0.0146 0.0156 -40.0246
3.0 0.9246 0.3589 0.2700 0.0146 0.0146 -40.0162
3.0 0.9219 0.3589 0.1841 0.0146 0.0146 -40.0132
3.0 0.9219 0.0981 0.3579 0.0146 0.0146 -40.0296
3.0 0.9206 0.0981 0.4448 0.0146 0.0146 -40.0278
3.0 0.9202 0.1851 0.1836 0.0146 0.0156 -40.0112
3.0 0.9171 0.7056 0.3579 0.0146 0.0146 -40.0296
3.0 0.9171 0.3579 0.0972 0.0146 0.0146 -40.0063
3.0 0.9168 0.1851 0.4438 0.0146 0.0146 -40.0303
3.0 0.9151 0.1851 0.2700 0.0146 0.0146 -40.0207
3.0 0.9150 0.0981 0.1841 0.0146 0.0146 -40.0069
3.0 0.9149 0.2720 0.4448 0.0146 0.0146 -40.0770
3.0 0.9139 0.2720 0.1841 0.0146 0.0146 -40.0087
3.0 0.9120 0.0981 0.2710 0.0146 0.0146 -40.0530
3.0 0.9096 0.1851 0.0967 0.0146 0.0156 -40.0187
3.0 0.9056 0.7925 0.7056 0.0146 0.0146 -40.0113
3.0 0.9049 0.7056 0.4438 0.0146 0.0146 -40.0141
3.0 0.9049 0.2720 0.0967 0.0146 0.0156 -40.0639
3.0 0.9019 0.5322 0.2705 0.0137 0.0137 -40.1076
3.0 0.9014 0.7925 0.0972 0.0146 0.0146 -40.1909
3.0 0.8998 0.8794 0.3579 0.0146 0.0146 -40.0426
3.0 0.8997 0.5327 0.3579 0.0146 0.0146 -40.0582
3.0 0.8988 0.3584 0.3579 0.0156 0.0146 -40.0461
3.0 0.8983 0.4453 0.2700 0.0137 0.0146 -40.0831
3.0 0.8948 0.5322 0.4438 0.0137 0.0146 -40.3265
3.0 0.8940 0.3584 0.4438 0.0137 0.0146 -40.0768
3.0 0.8917 0.0977 0.5317 0.0156 0.0146 -40.1837
3.0 0.8913 0.0981 0.0972 0.0146 0.0146 -40.0063
3.0 0.8906 0.1846 0.3574 0.0137 0.0137 -40.1122
3.0 0.8887 0.7056 0.8789 0.0146 0.0156 -40.2000
3.0 0.8872 0.7925 0.3579 0.0146 0.0146 -40.1864
3.0 0.8869 0.8794 0.4448 0.0146 0.0146 -40.0180
3.0 0.8847 0.8789 0.2710 0.0156 0.0146 -40.0659
3.0 0.8841 0.6187 0.2700 0.0146 0.0146 -40.0944
3.0 0.8837 0.8794 0.7046 0.0146 0.0146 -40.1496
3.0 0.8795 0.4453 0.7915 0.0137 0.0146 -40.0891
3.0 0.8785 0.7056 0.6187 0.0146 0.0146 -40.2587
3.0 0.8784 0.4458 0.3574 0.0146 0.0156 -40.1000
3.0 0.8776 0.8789 0.8789 0.0156 0.0156 -40.1235
3.0 0.8759 0.7925 0.4448 0.0146 0.0146 -40.1388
3.0 0.8739 0.7056 0.7925 0.0146 0.0146 -40.2287
3.0 0.8720 0.7925 0.2710 0.0146 0.0146 -40.3217
3.0 0.8714 0.0981 0.6187 0.0146 0.0146 -40.2066
3.0 0.8674 0.7056 0.7051 0.0146 0.0156 -40.1191
3.0 0.8670 0.0981 0.7046 0.0146 0.0146 -40.1674
3.0 0.8644 0.1851 0.8784 0.0146 0.0146 -40.1588
3.0 0.8635 0.4453 0.4443 0.0137 0.0156 -40.1032
3.0 0.8600 0.4448 0.8784 0.0146 0.0146 -40.0468
3.0 0.8594 0.2720 0.2710 0.0146 0.0146 -40.1691
3.0 0.8587 0.0972 0.8784 0.0146 0.0146 -40.1147
3.0 0.8566 0.3579 0.7915 0.0146 0.0146 -40.1115
3.0 0.8553 0.1846 0.7046 0.0137 0.0146 -40.1170
3.0 0.8549 0.7920 0.6187 0.0156 0.0146 -40.3094
3.0 0.8538 0.8794 0.7915 0.0146 0.0146 -40.4360
3.0 0.8466 0.8789 0.6187 0.0156 0.0146 -40.2520
3.0 0.8456 0.7056 0.5312 0.0146 0.0156 -40.5696
3.0 0.8414 0.2710 0.8784 0.0146 0.0146 -40.1650
3.0 0.8311 0.3584 0.8779 0.0156 0.0156 -40.2163
3.0 0.8297 0.0981 0.7920 0.0146 0.0137 -40.4631
3.0 0.8266 0.8789 0.5317 0.0156 0.0146 -40.3260
3.0 0.8262 0.6187 0.4438 0.0146 0.0146 -41.2772
3.0 0.8261 0.4453 0.7046 0.0137 0.0146 -40.0996
3.0 0.8110 0.5322 0.7920 0.0137 0.0137 -40.6951
3.0 0.8074 0.7925 0.5317 0.0146 0.0146 -40.9255
3.0 0.8040 0.2720 0.5312 0.0146 0.0156 -40.6183
3.0 0.7763 0.5317 0.8789 0.0146 0.0156 -40.4469
3.0 0.7652 0.4453 0.5308 0.0137 0.0146 -40.4529
3.0 0.7471 0.6187 0.3579 0.0146 0.0146 -40.8079
3.0 0.7376 0.2710 0.7915 0.0146 0.0146 -40.4887
3.0 0.7304 0.3584 0.7046 0.0137 0.0146 -40.4009
3.0 0.7273 0.2720 0.3569 0.0146 0.0146 -40.4563
3.0 0.7204 0.5322 0.5308 0.0137 0.0146 -40.4408
2.0 0.7135 0.1851 0.5308 0.0146 0.0146 -49.2381
3.0 0.7063 0.6187 0.7925 0.0146 0.0146 -40.5159
3.0 0.7023 0.1846 0.7915 0.0137 0.0146 -41.1641
3.0 0.7011 0.7925 0.7925 0.0146 0.0146 -41.0213
3.0 0.6912 0.2715 0.6182 0.0137 0.0137 -41.2344
3.0 0.6784 0.5327 0.6177 0.0146 0.0146 -41.2630
3.0 0.6257 0.1851 0.6182 0.0146 0.0137 -41.6388
3.0 0.6155 0.6187 0.8789 0.0146 0.0156 -40.6988
3.0 0.6142 0.5322 0.7046 0.0137 0.0146 -40.6681
2.0 0.5928 0.6191 0.5312 0.0156 0.0156 -48.1774
2.0 0.5293 0.4453 0.6177 0.0137 0.0146 -48.4444
3.0 0.5035 0.3584 0.6182 0.0137 0.0137 -42.5683
3.0 0.4990 0.2720 0.7046 0.0146 0.0146 -41.4306
3.0 0.4474 0.6187 0.6182 0.0146 0.0156 -43.1494
3.0 0.4392 0.7925 0.8789 0.0146 0.0156 -43.1900
2.0 0.4371 0.3589 0.6177 0.0146 0.0146 -48.4836
2.0 0.4230 0.1851 0.6177 0.0146 0.0146 -48.3160
2.0 0.4008 0.2720 0.6172 0.0146 0.0137 -48.1130
