3.0 0.9507 545.50 99.50 15.00 15.00 -40.0243
3.0 0.9482 633.50 188.50 15.00 15.00 -40.0226
3.0 0.9476 545.00 188.50 16.00 15.00 -40.0133
3.0 0.9424 722.50 99.50 15.00 15.00 -40.0395
3.0 0.9421 723.00 188.50 14.00 15.00 -40.0173
3.0 0.9396 456.00 99.50 14.00 15.00 -40.0079
3.0 0.9392 811.50 188.50 15.00 15.00 -40.0319
3.0 0.9391 722.50 277.50 15.00 15.00 -40.0349
3.0 0.9383 633.50 99.00 15.00 16.00 -40.0642
3.0 0.9352 900.50 188.50 15.00 15.00 -40.0148
3.0 0.9275 456.00 188.00 16.00 16.00 -40.0198
3.0 0.9255 900.50 100.00 15.00 16.00 -40.0246
3.0 0.9246 367.50 276.50 15.00 15.00 -40.0162
3.0 0.9219 367.50 188.50 15.00 15.00 -40.0132
3.0 0.9219 100.50 366.50 15.00 15.00 -40.0296
3.0 0.9206 100.50 455.50 15.00 15.00 -40.0278
3.0 0.9202 189.50 188.00 15.00 16.00 -40.0112
3.0 0.9171 722.50 366.50 15.00 15.00 -40.0296
3.0 0.9171 366.50 99.50 15.00 15.00 -40.0063
3.0 0.9168 189.50 454.50 15.00 15.00 -40.0303
3.0 0.9151 189.50 276.50 15.00 15.00 -40.0207
3.0 0.9150 100.50 188.50 15.00 15.00 -40.0069
3.0 0.9149 278.50 455.50 15.00 15.00 -40.0770
3.0 0.9139 278.50 188.50 15.00 15.00 -40.0087
3.0 0.9120 100.50 277.50 15.00 15.00 -40.0530
3.0 0.9096 189.50 99.00 15.00 16.00 -40.0187
3.0 0.9056 811.50 722.50 15.00 15.00 -40.0113
3.0 0.9049 722.50 454.50 15.00 15.00 -40.0141
3.0 0.9049 278.50 99.00 15.00 16.00 -40.0639
3.0 0.9019 545.00 277.00 14.00 14.00 -40.1076
3.0 0.9014 811.50 99.50 15.00 15.00 -40.1909
3.0 0.8998 900.50 366.50 15.00 15.00 -40.0426
3.0 0.8997 545.50 366.50 15.00 15.00 -40.0582
3.0 0.8988 367.00 366.50 16.00 15.00 -40.0461
3.0 0.8983 456.00 276.50 14.00 15.00 -40.0831
3.0 0.8948 545.00 454.50 14.00 15.00 -40.3265
3.0 0.8940 367.00 454.50 14.00 15.00 -40.0768
3.0 0.8917 100.00 544.50 16.00 15.00 -40.1837
3.0 0.8913 100.50 99.50 15.00 15.00 -40.0063
3.0 0.8906 189.00 366.00 14.00 14.00 -40.1122
3.0 0.8887 722.50 900.00 15.00 16.00 -40.2000
3.0 0.8872 811.50 366.50 15.00 15.00 -40.1864
3.0 0.8869 900.50 455.50 15.00 15.00 -40.0180
3.0 0.8847 900.00 277.50 16.00 15.00 -40.0659
3.0 0.8841 633.50 276.50 15.00 15.00 -40.0944
3.0 0.8837 900.50 721.50 15.00 15.00 -40.1496
3.0 0.8795 456.00 810.50 14.00 15.00 -40.0891
3.0 0.8785 722.50 633.50 15.00 15.00 -40.2587
3.0 0.8784 456.50 366.00 15.00 16.00 -40.1000
3.0 0.8776 900.00 900.00 16.00 16.00 -40.1235
3.0 0.8759 811.50 455.50 15.00 15.00 -40.1388
3.0 0.8739 722.50 811.50 15.00 15.00 -40.2287
3.0 0.8720 811.50 277.50 15.00 15.00 -40.3217
3.0 0.8714 100.50 633.50 15.00 15.00 -40.2066
3.0 0.8674 722.50 722.00 15.00 16.00 -40.1191
3.0 0.8670 100.50 721.50 15.00 15.00 -40.1674
3.0 0.8644 189.50 899.50 15.00 15.00 -40.1588
3.0 0.8635 456.00 455.00 14.00 16.00 -40.1032
3.0 0.8600 455.50 899.50 15.00 15.00 -40.0468
3.0 0.8594 278.50 277.50 15.00 15.00 -40.1691
3.0 0.8587 99.50 899.50 15.00 15.00 -40.1147
3.0 0.8566 366.50 810.50 15.00 15.00 -40.1115
3.0 0.8553 189.00 721.50 14.00 15.00 -40.1170
3.0 0.8549 811.00 633.50 16.00 15.00 -40.3094
3.0 0.8538 900.50 810.50 15.00 15.00 -40.4360
3.0 0.8466 900.00 633.50 16.00 15.00 -40.2520
3.0 0.8456 722.50 544.00 15.00 16.00 -40.5696
3.0 0.8414 277.50 899.50 15.00 15.00 -40.1650
3.0 0.8311 367.00 899.00 16.00 16.00 -40.2163
3.0 0.8297 100.50 811.00 15.00 14.00 -40.4631
3.0 0.8266 900.00 544.50 16.00 15.00 -40.3260
3.0 0.8262 633.50 454.50 15.00 15.00 -41.2772
3.0 0.8261 456.00 721.50 14.00 15.00 -40.0996
3.0 0.8110 545.00 811.00 14.00 14.00 -40.6951
3.0 0.8074 811.50 544.50 15.00 15.00 -40.9255
3.0 0.8040 278.50 544.00 15.00 16.00 -40.6183
3.0 0.7763 544.50 900.00 15.00 16.00 -40.4469
3.0 0.7652 456.00 543.50 14.00 15.00 -40.4529
3.0 0.7471 633.50 366.50 15.00 15.00 -40.8079
3.0 0.7376 277.50 810.50 15.00 15.00 -40.4887
3.0 0.7304 367.00 721.50 14.00 15.00 -40.4009
3.0 0.7273 278.50 365.50 15.00 15.00 -40.4563
3.0 0.7204 545.00 543.50 14.00 15.00 -40.4408
2.0 0.7135 189.50 543.50 15.00 15.00 -49.2381
3.0 0.7063 633.50 811.50 15.00 15.00 -40.5159
3.0 0.7023 189.00 810.50 14.00 15.00 -41.1641
3.0 0.7011 811.50 811.50 15.00 15.00 -41.0213
3.0 0.6912 278.00 633.00 14.00 14.00 -41.2344
3.0 0.6784 545.50 632.50 15.00 15.00 -41.2630
3.0 0.6257 189.50 633.00 15.00 14.00 -41.6388
3.0 0.6155 633.50 900.00 15.00 16.00 -40.6988
3.0 0.6142 545.00 721.50 14.00 15.00 -40.6681
2.0 0.5928 634.00 544.00 16.00 16.00 -48.1774
2.0 0.5293 456.00 632.50 14.00 15.00 -48.4444
3.0 0.5035 367.00 633.00 14.00 14.00 -42.5683
3.0 0.4990 278.50 721.50 15.00 15.00 -41.4306
3.0 0.4474 633.50 633.00 15.00 16.00 -43.1494
3.0 0.4392 811.50 900.00 15.00 16.00 -43.1900
2.0 0.4371 367.50 632.50 15.00 15.00 -48.4836
2.0 0.4230 189.50 632.50 15.00 15.00 -48.3160
2.0 0.4008 278.50 632.00 15.00 14.00 -48.1130
