2.0 0.9385 634.00 100.00 18.00 18.00 -50.0439
2.0 0.9340 633.50 899.50 19.00 19.00 -49.9571
2.0 0.9315 367.00 721.50 18.00 19.00 -50.0435
2.0 0.9255 189.00 722.00 18.00 18.00 -49.9720
2.0 0.9223 367.50 899.50 19.00 19.00 -49.8787
2.0 0.9194 545.00 899.50 18.00 19.00 -49.9182
2.0 0.9190 722.50 277.00 19.00 18.00 -50.1128
2.0 0.9186 189.50 188.00 17.00 18.00 -50.0642
2.0 0.9172 189.00 544.00 18.00 18.00 -50.0553
2.0 0.9164 189.50 99.00 17.00 18.00 -50.2259
2.0 0.9159 189.00 900.00 18.00 18.00 -49.9695
2.0 0.9141 723.00 189.00 18.00 18.00 -50.1533
2.0 0.9130 545.00 721.50 18.00 19.00 -50.0710
2.0 0.9119 722.50 810.50 19.00 19.00 -50.1022
2.0 0.9110 278.00 721.50 18.00 19.00 -50.0827
2.0 0.9097 278.50 811.00 17.00 18.00 -50.0606
2.0 0.9092 100.50 188.50 17.00 17.00 -49.8740
2.0 0.9081 367.00 810.50 18.00 19.00 -49.8952
2.0 0.9073 189.00 455.00 18.00 18.00 -49.6009
2.0 0.9057 722.50 544.50 17.00 17.00 -50.0403
2.0 0.9057 189.50 810.50 17.00 17.00 -49.9483
2.0 0.9045 100.50 721.00 17.00 18.00 -49.9022
2.0 0.9034 100.50 810.50 17.00 17.00 -49.8504
2.0 0.9029 723.00 455.00 18.00 18.00 -50.0559
2.0 0.9027 367.50 99.50 17.00 17.00 -50.3531
2.0 0.9027 278.50 99.50 17.00 17.00 -50.2426
2.0 0.9014 722.00 721.50 18.00 19.00 -50.1561
2.0 0.8996 367.50 188.50 17.00 17.00 -50.2798
2.0 0.8976 456.00 721.00 18.00 18.00 -50.0632
2.0 0.8957 811.00 722.00 18.00 18.00 -50.0916
2.0 0.8947 189.50 277.00 17.00 18.00 -50.3338
2.0 0.8942 278.00 900.00 18.00 18.00 -49.6647
2.0 0.8938 900.50 722.00 17.00 18.00 -49.8232
2.0 0.8934 189.00 633.00 18.00 18.00 -50.2557
2.0 0.8932 278.50 188.00 17.00 18.00 -49.0788
2.0 0.8932 367.50 366.00 17.00 18.00 -50.2577
2.0 0.8924 633.50 544.00 17.00 18.00 -50.0450
2.0 0.8919 722.50 366.00 19.00 18.00 -50.1957
2.0 0.8918 456.00 899.50 18.00 19.00 -49.7648
2.0 0.8909 367.50 544.00 17.00 18.00 -50.3042
2.0 0.8908 900.00 188.00 18.00 18.00 -49.8883
2.0 0.8904 634.00 189.00 18.00 18.00 -49.6321
2.0 0.8901 900.00 810.00 18.00 18.00 -49.7731
2.0 0.8894 278.00 544.00 18.00 18.00 -50.1359
2.0 0.8870 367.50 277.00 17.00 18.00 -50.7839
2.0 0.8869 278.00 633.00 18.00 18.00 -50.3495
2.0 0.8853 456.50 366.00 17.00 18.00 -50.1250
2.0 0.8838 100.50 899.50 17.00 17.00 -48.8082
2.0 0.8813 811.00 188.00 18.00 18.00 -50.2881
2.0 0.8803 722.00 633.00 18.00 18.00 -50.2112
2.0 0.8795 189.50 366.00 17.00 18.00 -48.5825
2.0 0.8779 545.00 188.50 18.00 17.00 -49.4879
2.0 0.8763 367.00 455.00 18.00 18.00 -50.3635
2.0 0.8749 456.00 455.00 18.00 18.00 -50.1907
2.0 0.8736 101.00 454.50 18.00 17.00 -49.5220
2.0 0.8734 544.50 544.00 17.00 18.00 -50.0937
2.0 0.8732 811.50 544.00 17.00 18.00 -50.0652
2.0 0.8717 100.50 99.00 17.00 18.00 -50.4352
2.0 0.8712 811.50 633.00 17.00 18.00 -50.0876
2.0 0.8712 633.50 810.50 17.00 19.00 -50.1247
2.0 0.8699 722.50 899.50 17.00 19.00 -49.7188
2.0 0.8687 811.00 899.50 18.00 19.00 -49.4837
2.0 0.8653 101.00 366.00 18.00 18.00 -49.5617
2.0 0.8633 811.00 811.00 18.00 18.00 -50.1412
2.0 0.8627 278.50 455.50 17.00 17.00 -50.3180
2.0 0.8613 722.00 99.50 18.00 19.00 -50.2784
2.0 0.8590 100.00 633.00 18.00 18.00 -49.5225
2.0 0.8588 545.50 454.50 17.00 17.00 -49.6089
2.0 0.8573 545.00 366.00 18.00 18.00 -49.8346
2.0 0.8563 545.00 99.00 18.00 18.00 -50.3318
2.0 0.8543 101.00 544.00 18.00 18.00 -49.6935
2.0 0.8534 367.00 633.00 18.00 18.00 -50.5304
2.0 0.8532 633.50 455.00 17.00 18.00 -49.8220
2.0 0.8513 544.50 810.50 17.00 19.00 -49.7890
2.0 0.8508 455.50 632.50 17.00 17.00 -50.1352
2.0 0.8504 633.50 366.00 17.00 18.00 -50.2751
2.0 0.8463 456.00 277.00 18.00 18.00 -49.6908
2.0 0.8439 456.00 811.00 18.00 18.00 -49.7322
2.0 0.8412 811.50 454.50 17.00 17.00 -49.7148
2.0 0.8404 278.50 366.00 17.00 18.00 -50.6300
2.0 0.8399 456.00 544.00 18.00 18.00 -49.7564
2.0 0.8359 544.50 633.00 17.00 18.00 -50.3510
2.0 0.8346 900.00 899.00 18.00 18.00 -48.9186
2.0 0.8305 633.50 633.00 17.00 18.00 -51.0093
2.0 0.8270 634.00 277.00 18.00 18.00 -50.3265
2.0 0.8228 900.00 99.00 18.00 18.00 -50.4915
2.0 0.8204 633.50 721.50 19.00 19.00 -50.4188
2.0 0.8173 901.00 544.00 18.00 18.00 -49.4683
2.0 0.8010 456.00 99.00 18.00 18.00 -48.9815
2.0 0.7989 278.50 277.00 17.00 18.00 -49.1321
2.0 0.7954 811.00 99.00 18.00 18.00 -50.4814
2.0 0.7870 811.00 366.00 18.00 18.00 -50.3755
2.0 0.7861 900.50 455.00 17.00 18.00 -49.0887
2.0 0.7770 900.00 633.00 18.00 18.00 -49.2202
2.0 0.7750 545.00 277.00 18.00 18.00 -50.4142
2.0 0.7425 900.00 366.50 18.00 17.00 -48.5500
2.0 0.7155 456.00 188.00 18.00 18.00 -48.1925
2.0 0.6504 811.00 277.00 18.00 18.00 -48.9814
2.0 0.6062 100.50 277.00 17.00 18.00 -47.5445
3.0 0.4871 278.50 188.50 17.00 17.00 -42.9384
2.0 0.4382 900.00 277.00 18.00 18.00 -47.8316
