1.0 0.9808 0.5322 0.4448 0.0332 0.0342 -60.0006
1.0 0.9805 0.5322 0.5317 0.0332 0.0342 -60.0006
1.0 0.9804 0.5322 0.2715 0.0332 0.0332 -60.0012
1.0 0.9804 0.7051 0.6187 0.0332 0.0342 -59.9994
1.0 0.9803 0.7051 0.2715 0.0332 0.0332 -60.0007
1.0 0.9794 0.4453 0.1846 0.0332 0.0332 -59.9997
1.0 0.9792 0.5317 0.6187 0.0342 0.0342 -60.0008
1.0 0.9792 0.3589 0.4448 0.0342 0.0342 -60.0009
1.0 0.9790 0.7051 0.5312 0.0332 0.0332 -60.0005
1.0 0.9790 0.8789 0.3574 0.0332 0.0332 -59.9995
1.0 0.9789 0.7056 0.4448 0.0342 0.0342 -60.0029
1.0 0.9789 0.5322 0.1841 0.0332 0.0342 -60.0009
1.0 0.9785 0.5322 0.7051 0.0332 0.0332 -59.9994
1.0 0.9783 0.2715 0.1846 0.0332 0.0332 -60.0003
1.0 0.9783 0.3589 0.7051 0.0342 0.0332 -60.0006
1.0 0.9783 0.8789 0.7051 0.0332 0.0332 -60.0007
1.0 0.9779 0.6191 0.1846 0.0332 0.0332 -60.0003
1.0 0.9774 0.8789 0.1841 0.0332 0.0342 -60.0004
1.0 0.9774 0.8789 0.2715 0.0332 0.0332 -59.9995
1.0 0.9773 0.5322 0.3574 0.0332 0.0332 -60.0007
1.0 0.9771 0.2715 0.3579 0.0332 0.0322 -60.0003
1.0 0.9770 0.6191 0.0977 0.0332 0.0332 -60.0005
1.0 0.9770 0.6191 0.5312 0.0332 0.0332 -60.0004
1.0 0.9769 0.0977 0.1846 0.0332 0.0332 -60.0004
1.0 0.9769 0.3589 0.1846 0.0342 0.0332 -60.0005
1.0 0.9767 0.7051 0.0977 0.0332 0.0332 -60.0007
1.0 0.9766 0.7051 0.7051 0.0332 0.0332 -59.9993
1.0 0.9764 0.1846 0.7915 0.0352 0.0342 -60.0018
1.0 0.9764 0.7925 0.1841 0.0342 0.0342 -59.9997
1.0 0.9764 0.7051 0.3574 0.0332 0.0332 -60.0009
1.0 0.9763 0.7051 0.1841 0.0332 0.0342 -60.0005
1.0 0.9763 0.3594 0.3579 0.0332 0.0342 -60.0005
1.0 0.9759 0.4453 0.3579 0.0332 0.0322 -60.0006
1.0 0.9758 0.3589 0.6182 0.0342 0.0332 -60.0022
1.0 0.9757 0.3589 0.2715 0.0342 0.0332 -59.9987
1.0 0.9756 0.5322 0.7915 0.0332 0.0342 -60.0011
1.0 0.9756 0.8789 0.5312 0.0332 0.0332 -60.0008
1.0 0.9755 0.7051 0.8789 0.0332 0.0332 -59.9989
1.0 0.9753 0.7051 0.7915 0.0332 0.0342 -60.0008
1.0 0.9753 0.8789 0.8789 0.0332 0.0332 -59.9993
1.0 0.9753 0.5322 0.8784 0.0332 0.0342 -59.9992
1.0 0.9751 0.8789 0.4448 0.0332 0.0342 -60.0006
1.0 0.9745 0.8789 0.6187 0.0332 0.0342 -60.0008
1.0 0.9745 0.8789 0.0977 0.0332 0.0332 -60.0003
1.0 0.9743 0.6182 0.3579 0.0332 0.0322 -60.0009
1.0 0.9743 0.4448 0.7051 0.0342 0.0332 -59.9993
1.0 0.9742 0.3579 0.7915 0.0342 0.0342 -60.0008
1.0 0.9742 0.2715 0.5312 0.0332 0.0332 -60.0006
1.0 0.9741 0.2720 0.0977 0.0342 0.0332 -60.0004
1.0 0.9741 0.3594 0.5312 0.0332 0.0332 -60.0030
1.0 0.9740 0.7925 0.5317 0.0342 0.0342 -59.9993
1.0 0.9740 0.3589 0.8784 0.0342 0.0342 -59.9993
1.0 0.9737 0.6191 0.2710 0.0332 0.0322 -60.0008
1.0 0.9737 0.6191 0.4443 0.0332 0.0332 -60.0009
1.0 0.9736 0.5322 0.0977 0.0332 0.0332 -60.0010
1.0 0.9734 0.2715 0.7051 0.0332 0.0332 -60.0011
1.0 0.9731 0.7920 0.3574 0.0332 0.0332 -60.0005
1.0 0.9731 0.7925 0.7056 0.0342 0.0342 -59.9994
1.0 0.9730 0.4453 0.2710 0.0332 0.0322 -60.0010
1.0 0.9729 0.7925 0.6182 0.0342 0.0332 -60.0015
1.0 0.9729 0.1851 0.6182 0.0342 0.0332 -60.0040
1.0 0.9728 0.2715 0.6182 0.0332 0.0332 -60.0013
1.0 0.9727 0.4453 0.0977 0.0332 0.0332 -60.0009
1.0 0.9725 0.6187 0.7920 0.0342 0.0332 -60.0008
1.0 0.9724 0.0977 0.3574 0.0332 0.0332 -60.0004
1.0 0.9722 0.4448 0.5317 0.0342 0.0342 -60.0012
1.0 0.9720 0.7920 0.0972 0.0332 0.0322 -60.0007
1.0 0.9719 0.0977 0.2710 0.0332 0.0342 -59.9994
1.0 0.9719 0.8789 0.7915 0.0352 0.0342 -59.9994
1.0 0.9719 0.7920 0.7915 0.0332 0.0342 -60.0010
1.0 0.9718 0.0986 0.0977 0.0332 0.0332 -60.0003
1.0 0.9718 0.1851 0.8789 0.0342 0.0332 -60.0004
1.0 0.9717 0.2715 0.4443 0.0332 0.0332 -60.0005
1.0 0.9717 0.2715 0.8789 0.0332 0.0332 -59.9997
1.0 0.9716 0.7925 0.2705 0.0342 0.0332 -60.0010
1.0 0.9711 0.6191 0.6182 0.0332 0.0332 -60.0015
1.0 0.9708 0.1846 0.1846 0.0332 0.0332 -59.9996
1.0 0.9706 0.6187 0.8789 0.0322 0.0332 -60.0006
1.0 0.9706 0.6187 0.7051 0.0322 0.0332 -60.0008
1.0 0.9705 0.4448 0.7920 0.0342 0.0332 -60.0025
1.0 0.9705 0.4453 0.4443 0.0332 0.0332 -60.0023
1.0 0.9705 0.2715 0.7920 0.0332 0.0332 -60.0010
1.0 0.9704 0.1851 0.0977 0.0342 0.0332 -59.9996
1.0 0.9704 0.4453 0.8789 0.0332 0.0332 -60.0006
1.0 0.9703 0.0977 0.6182 0.0332 0.0332 -60.0008
1.0 0.9703 0.2715 0.2710 0.0332 0.0342 -60.0008
1.0 0.9695 0.4453 0.6182 0.0332 0.0332 -60.0023
1.0 0.9694 0.1846 0.7051 0.0332 0.0332 -60.0008
1.0 0.9691 0.7920 0.8789 0.0332 0.0332 -60.0006
1.0 0.9684 0.0977 0.5312 0.0332 0.0332 -60.0005
1.0 0.9682 0.7920 0.4443 0.0332 0.0332 -60.0025
1.0 0.9680 0.3589 0.0977 0.0342 0.0332 -60.0021
1.0 0.9675 0.1846 0.3579 0.0332 0.0342 -60.0006
1.0 0.9673 0.1846 0.5322 0.0332 0.0332 -60.0011
1.0 0.9673 0.1841 0.2715 0.0342 0.0332 -60.0008
1.0 0.9670 0.0977 0.7920 0.0332 0.0332 -60.0009
1.0 0.9656 0.0977 0.4448 0.0332 0.0322 -60.0005
1.0 0.9643 0.1846 0.4448 0.0332 0.0322 -60.0023
1.0 0.9639 0.0986 0.8789 0.0332 0.0332 -59.9995
1.0 0.9636 0.0977 0.7051 0.0332 0.0332 -60.0017
