1.0 0.9808 545.00 455.50 34.00 35.00 -60.0006
1.0 0.9805 545.00 544.50 34.00 35.00 -60.0006
1.0 0.9804 545.00 278.00 34.00 34.00 -60.0012
1.0 0.9804 722.00 633.50 34.00 35.00 -59.9994
1.0 0.9803 722.00 278.00 34.00 34.00 -60.0007
1.0 0.9794 456.00 189.00 34.00 34.00 -59.9997
1.0 0.9792 544.50 633.50 35.00 35.00 -60.0008
1.0 0.9792 367.50 455.50 35.00 35.00 -60.0009
1.0 0.9790 722.00 544.00 34.00 34.00 -60.0005
1.0 0.9790 900.00 366.00 34.00 34.00 -59.9995
1.0 0.9789 722.50 455.50 35.00 35.00 -60.0029
1.0 0.9789 545.00 188.50 34.00 35.00 -60.0009
1.0 0.9785 545.00 722.00 34.00 34.00 -59.9994
1.0 0.9783 278.00 189.00 34.00 34.00 -60.0003
1.0 0.9783 367.50 722.00 35.00 34.00 -60.0006
1.0 0.9783 900.00 722.00 34.00 34.00 -60.0007
1.0 0.9779 634.00 189.00 34.00 34.00 -60.0003
1.0 0.9774 900.00 188.50 34.00 35.00 -60.0004
1.0 0.9774 900.00 278.00 34.00 34.00 -59.9995
1.0 0.9773 545.00 366.00 34.00 34.00 -60.0007
1.0 0.9771 278.00 366.50 34.00 33.00 -60.0003
1.0 0.9770 634.00 100.00 34.00 34.00 -60.0005
1.0 0.9770 634.00 544.00 34.00 34.00 -60.0004
1.0 0.9769 100.00 189.00 34.00 34.00 -60.0004
1.0 0.9769 367.50 189.00 35.00 34.00 -60.0005
1.0 0.9767 722.00 100.00 34.00 34.00 -60.0007
1.0 0.9766 722.00 722.00 34.00 34.00 -59.9993
1.0 0.9764 189.00 810.50 36.00 35.00 -60.0018
1.0 0.9764 811.50 188.50 35.00 35.00 -59.9997
1.0 0.9764 722.00 366.00 34.00 34.00 -60.0009
1.0 0.9763 722.00 188.50 34.00 35.00 -60.0005
1.0 0.9763 368.00 366.50 34.00 35.00 -60.0005
1.0 0.9759 456.00 366.50 34.00 33.00 -60.0006
1.0 0.9758 367.50 633.00 35.00 34.00 -60.0022
1.0 0.9757 367.50 278.00 35.00 34.00 -59.9987
1.0 0.9756 545.00 810.50 34.00 35.00 -60.0011
1.0 0.9756 900.00 544.00 34.00 34.00 -60.0008
1.0 0.9755 722.00 900.00 34.00 34.00 -59.9989
1.0 0.9753 722.00 810.50 34.00 35.00 -60.0008
1.0 0.9753 900.00 900.00 34.00 34.00 -59.9993
1.0 0.9753 545.00 899.50 34.00 35.00 -59.9992
1.0 0.9751 900.00 455.50 34.00 35.00 -60.0006
1.0 0.9745 900.00 633.50 34.00 35.00 -60.0008
1.0 0.9745 900.00 100.00 34.00 34.00 -60.0003
1.0 0.9743 633.00 366.50 34.00 33.00 -60.0009
1.0 0.9743 455.50 722.00 35.00 34.00 -59.9993
1.0 0.9742 366.50 810.50 35.00 35.00 -60.0008
1.0 0.9742 278.00 544.00 34.00 34.00 -60.0006
1.0 0.9741 278.50 100.00 35.00 34.00 -60.0004
1.0 0.9741 368.00 544.00 34.00 34.00 -60.0030
1.0 0.9740 811.50 544.50 35.00 35.00 -59.9993
1.0 0.9740 367.50 899.50 35.00 35.00 -59.9993
1.0 0.9737 634.00 277.50 34.00 33.00 -60.0008
1.0 0.9737 634.00 455.00 34.00 34.00 -60.0009
1.0 0.9736 545.00 100.00 34.00 34.00 -60.0010
1.0 0.9734 278.00 722.00 34.00 34.00 -60.0011
1.0 0.9731 811.00 366.00 34.00 34.00 -60.0005
1.0 0.9731 811.50 722.50 35.00 35.00 -59.9994
1.0 0.9730 456.00 277.50 34.00 33.00 -60.0010
1.0 0.9729 811.50 633.00 35.00 34.00 -60.0015
1.0 0.9729 189.50 633.00 35.00 34.00 -60.0040
1.0 0.9728 278.00 633.00 34.00 34.00 -60.0013
1.0 0.9727 456.00 100.00 34.00 34.00 -60.0009
1.0 0.9725 633.50 811.00 35.00 34.00 -60.0008
1.0 0.9724 100.00 366.00 34.00 34.00 -60.0004
1.0 0.9722 455.50 544.50 35.00 35.00 -60.0012
1.0 0.9720 811.00 99.50 34.00 33.00 -60.0007
1.0 0.9719 100.00 277.50 34.00 35.00 -59.9994
1.0 0.9719 900.00 810.50 36.00 35.00 -59.9994
1.0 0.9719 811.00 810.50 34.00 35.00 -60.0010
1.0 0.9718 101.00 100.00 34.00 34.00 -60.0003
1.0 0.9718 189.50 900.00 35.00 34.00 -60.0004
1.0 0.9717 278.00 455.00 34.00 34.00 -60.0005
1.0 0.9717 278.00 900.00 34.00 34.00 -59.9997
1.0 0.9716 811.50 277.00 35.00 34.00 -60.0010
1.0 0.9711 634.00 633.00 34.00 34.00 -60.0015
1.0 0.9708 189.00 189.00 34.00 34.00 -59.9996
1.0 0.9706 633.50 900.00 33.00 34.00 -60.0006
1.0 0.9706 633.50 722.00 33.00 34.00 -60.0008
1.0 0.9705 455.50 811.00 35.00 34.00 -60.0025
1.0 0.9705 456.00 455.00 34.00 34.00 -60.0023
1.0 0.9705 278.00 811.00 34.00 34.00 -60.0010
1.0 0.9704 189.50 100.00 35.00 34.00 -59.9996
1.0 0.9704 456.00 900.00 34.00 34.00 -60.0006
1.0 0.9703 100.00 633.00 34.00 34.00 -60.0008
1.0 0.9703 278.00 277.50 34.00 35.00 -60.0008
1.0 0.9695 456.00 633.00 34.00 34.00 -60.0023
1.0 0.9694 189.00 722.00 34.00 34.00 -60.0008
1.0 0.9691 811.00 900.00 34.00 34.00 -60.0006
1.0 0.9684 100.00 544.00 34.00 34.00 -60.0005
1.0 0.9682 811.00 455.00 34.00 34.00 -60.0025
1.0 0.9680 367.50 100.00 35.00 34.00 -60.0021
1.0 0.9675 189.00 366.50 34.00 35.00 -60.0006
1.0 0.9673 189.00 545.00 34.00 34.00 -60.0011
1.0 0.9673 188.50 278.00 35.00 34.00 -60.0008
1.0 0.9670 100.00 811.00 34.00 34.00 -60.0009
1.0 0.9656 100.00 455.50 34.00 33.00 -60.0005
1.0 0.9643 189.00 455.50 34.00 33.00 -60.0023
1.0 0.9639 101.00 900.00 34.00 34.00 -59.9995
1.0 0.9636 100.00 722.00 34.00 34.00 -60.0017
