0.0 0.9808 367.50 456.00 37.00 38.00 -69.9915
0.0 0.9803 545.50 811.00 39.00 38.00 -69.9808
0.0 0.9795 545.50 278.00 37.00 38.00 -69.9918
0.0 0.9794 546.00 633.00 38.00 38.00 -69.9967
0.0 0.9793 545.50 455.50 37.00 39.00 -69.9022
0.0 0.9786 723.00 811.00 38.00 38.00 -69.9956
0.0 0.9785 368.00 633.50 38.00 39.00 -69.9750
0.0 0.9781 367.50 278.00 37.00 38.00 -69.9951
0.0 0.9774 545.50 100.00 37.00 38.00 -69.9647
0.0 0.9774 723.00 278.00 38.00 38.00 -69.9119
0.0 0.9765 367.50 810.00 39.00 38.00 -69.8933
0.0 0.9761 723.00 455.50 38.00 39.00 -69.9944
0.0 0.9760 190.00 810.00 38.00 38.00 -69.9950
0.0 0.9757 723.00 633.00 38.00 38.00 -69.9989
0.0 0.9756 367.50 544.00 37.00 38.00 -69.9982
0.0 0.9753 811.00 544.00 38.00 38.00 -69.9992
0.0 0.9751 190.00 633.00 38.00 38.00 -69.9986
0.0 0.9746 367.50 366.50 37.00 37.00 -69.9980
0.0 0.9745 633.50 722.50 37.00 37.00 -69.9992
0.0 0.9742 811.50 722.50 37.00 37.00 -69.9994
0.0 0.9741 189.50 456.00 37.00 38.00 -69.9954
0.0 0.9738 456.00 455.00 38.00 38.00 -69.9988
0.0 0.9738 633.00 366.50 38.00 37.00 -69.9903
0.0 0.9738 901.00 811.00 38.00 38.00 -69.9718
0.0 0.9737 723.00 99.50 38.00 37.00 -69.9440
0.0 0.9736 811.00 278.00 38.00 38.00 -69.9579
0.0 0.9735 633.00 544.00 38.00 38.00 -69.9984
0.0 0.9733 634.00 633.00 38.00 38.00 -69.9992
0.0 0.9733 455.00 544.00 38.00 38.00 -69.9977
0.0 0.9732 900.50 456.00 37.00 38.00 -69.9639
0.0 0.9731 723.00 722.00 38.00 38.00 -69.9989
0.0 0.9730 545.50 188.00 37.00 38.00 -69.9855
0.0 0.9729 455.00 722.00 38.00 38.00 -69.9964
0.0 0.9728 545.00 722.00 38.00 38.00 -69.9933
0.0 0.9727 277.50 633.00 37.00 38.00 -69.9994
0.0 0.9727 810.50 366.50 37.00 37.00 -69.9939
0.0 0.9726 456.00 633.00 38.00 38.00 -69.9984
0.0 0.9725 545.00 544.00 38.00 38.00 -69.9986
0.0 0.9724 368.00 721.50 38.00 37.00 -69.9864
0.0 0.9724 723.00 366.00 38.00 38.00 -69.9974
0.0 0.9721 189.00 722.00 38.00 38.00 -69.9993
0.0 0.9720 634.50 811.00 37.00 38.00 -69.9996
0.0 0.9720 723.00 544.00 38.00 38.00 -69.9989
0.0 0.9719 367.50 188.50 39.00 39.00 -69.9856
0.0 0.9719 189.00 544.00 38.00 38.00 -69.9994
0.0 0.9718 634.00 455.00 38.00 38.00 -69.9976
0.0 0.9718 545.50 366.00 37.00 38.00 -69.9928
0.0 0.9718 368.00 100.00 38.00 38.00 -69.7585
0.0 0.9718 811.50 455.00 37.00 38.00 -69.9955
0.0 0.9716 900.00 544.00 38.00 38.00 -69.9983
0.0 0.9715 901.00 633.00 38.00 38.00 -69.9978
0.0 0.9713 723.50 188.00 37.00 38.00 -69.9898
0.0 0.9713 900.50 721.50 37.00 37.00 -69.9995
0.0 0.9712 901.00 100.00 38.00 38.00 -69.9648
0.0 0.9711 455.00 367.00 38.00 38.00 -69.9984
0.0 0.9710 189.50 278.00 37.00 38.00 -69.9947
0.0 0.9706 545.50 899.50 37.00 37.00 -69.9450
0.0 0.9705 456.50 810.00 37.00 38.00 -69.9985
0.0 0.9705 278.00 455.00 38.00 38.00 -69.9991
0.0 0.9705 277.50 544.00 37.00 38.00 -69.9983
0.0 0.9704 901.00 277.50 38.00 37.00 -69.9598
0.0 0.9703 811.50 633.00 37.00 38.00 -69.9996
0.0 0.9702 99.50 455.00 37.00 38.00 -69.9985
0.0 0.9700 189.50 100.00 37.00 38.00 -69.9865
0.0 0.9698 634.00 277.00 38.00 38.00 -69.9989
0.0 0.9697 277.50 366.50 37.00 37.00 -69.9992
0.0 0.9693 277.50 722.00 37.00 38.00 -69.9973
0.0 0.9691 632.50 189.00 37.00 38.00 -69.9857
0.0 0.9691 899.50 366.50 37.00 37.00 -69.9945
0.0 0.9688 811.50 810.50 37.00 37.00 -69.9996
0.0 0.9682 810.50 189.00 37.00 38.00 -69.9645
0.0 0.9682 278.00 278.00 38.00 38.00 -69.9993
0.0 0.9681 633.50 899.50 37.00 37.00 -69.9938
0.0 0.9678 99.50 633.00 37.00 38.00 -69.9995
0.0 0.9678 99.50 278.00 37.00 38.00 -69.9945
0.0 0.9678 189.50 188.50 37.00 37.00 -69.9985
0.0 0.9675 100.00 544.00 38.00 38.00 -69.9991
0.0 0.9675 456.00 277.50 38.00 39.00 -69.9993
0.0 0.9670 633.50 100.00 37.00 38.00 -69.9881
0.0 0.9670 277.50 810.50 37.00 37.00 -69.9966
0.0 0.9666 277.50 100.00 37.00 38.00 -69.9971
0.0 0.9666 188.50 366.50 37.00 37.00 -69.9970
0.0 0.9663 99.50 366.00 37.00 38.00 -69.9974
0.0 0.9662 278.00 188.00 38.00 38.00 -69.9926
0.0 0.9660 900.50 189.00 37.00 38.00 -69.9584
0.0 0.9659 455.50 900.00 37.00 38.00 -69.9976
0.0 0.9654 456.00 100.00 38.00 38.00 -69.9994
0.0 0.9654 900.50 900.00 37.00 38.00 -69.9516
0.0 0.9642 100.00 810.50 36.00 37.00 -69.9986
0.0 0.9642 456.00 189.00 38.00 38.00 -69.9994
0.0 0.9637 811.00 899.50 38.00 37.00 -69.9188
0.0 0.9636 99.50 100.50 37.00 37.00 -69.9945
0.0 0.9636 100.50 721.50 37.00 37.00 -69.9996
0.0 0.9635 811.50 99.50 37.00 37.00 -69.9898
0.0 0.9627 278.00 899.50 38.00 37.00 -69.9975
0.0 0.9626 189.00 900.00 38.00 38.00 -69.9923
0.0 0.9626 100.00 188.50 38.00 37.00 -69.9978
0.0 0.9625 368.00 899.50 38.00 37.00 -69.7536
0.0 0.9617 99.50 899.50 37.00 37.00 -69.9939
0.0 0.9567 722.50 900.50 37.00 37.00 -69.9667
1.0 0.6610 811.50 900.00 39.00 38.00 -64.1229
1.0 0.6308 722.00 900.00 40.00 38.00 -64.3103
1.0 0.4864 722.50 99.50 39.00 39.00 -64.5830
