8.0 0.9840 723.00 632.50 42.00 43.00 10.0007
8.0 0.9836 722.50 810.50 43.00 43.00 10.0009
8.0 0.9832 545.50 632.50 43.00 43.00 10.0007
8.0 0.9828 277.50 633.00 43.00 42.00 9.9997
8.0 0.9825 811.00 811.50 42.00 43.00 10.0011
8.0 0.9825 900.50 632.50 43.00 43.00 10.0010
8.0 0.9824 277.50 811.00 43.00 42.00 9.9996
8.0 0.9824 455.50 455.00 43.00 42.00 10.0080
8.0 0.9821 633.50 811.00 43.00 42.00 10.0007
8.0 0.9819 277.50 455.00 43.00 42.00 10.0032
8.0 0.9815 456.00 811.00 42.00 42.00 10.0006
8.0 0.9814 367.50 810.50 43.00 43.00 10.0005
8.0 0.9814 100.00 633.00 42.00 42.00 10.0002
8.0 0.9813 722.50 544.00 43.00 42.00 10.0033
8.0 0.9812 900.50 810.50 43.00 43.00 10.0016
8.0 0.9812 99.50 277.50 43.00 41.00 10.0005
8.0 0.9808 100.00 455.50 42.00 41.00 10.0003
8.0 0.9806 900.50 455.00 43.00 42.00 10.0006
8.0 0.9806 811.00 634.00 42.00 42.00 10.0012
8.0 0.9805 190.00 810.50 42.00 43.00 10.0005
8.0 0.9803 367.50 455.50 43.00 43.00 10.0008
8.0 0.9802 367.50 633.00 43.00 42.00 9.9996
8.0 0.9802 633.50 633.00 43.00 42.00 10.0076
8.0 0.9797 545.00 810.50 42.00 43.00 10.0006
8.0 0.9797 277.50 277.50 43.00 43.00 10.0025
8.0 0.9796 633.50 455.00 43.00 42.00 10.0150
8.0 0.9795 100.00 100.00 42.00 42.00 10.0003
8.0 0.9795 456.00 100.00 42.00 42.00 10.0005
8.0 0.9795 722.50 100.00 43.00 42.00 10.0004
8.0 0.9795 100.00 366.00 42.00 42.00 10.0006
8.0 0.9795 723.00 721.50 44.00 43.00 10.0034
8.0 0.9794 545.00 721.50 44.00 43.00 10.0059
8.0 0.9794 455.00 633.00 42.00 42.00 10.0014
8.0 0.9791 545.00 366.00 44.00 42.00 10.0022
8.0 0.9790 723.50 455.00 43.00 42.00 10.0007
8.0 0.9789 545.00 455.00 42.00 42.00 10.0007
8.0 0.9788 811.50 900.00 43.00 42.00 10.0001
8.0 0.9788 722.50 366.00 43.00 42.00 10.0150
8.0 0.9786 900.50 277.50 43.00 43.00 10.0005
8.0 0.9786 900.00 544.00 42.00 42.00 10.0218
8.0 0.9786 100.50 811.00 43.00 42.00 10.0003
8.0 0.9781 189.50 633.00 43.00 42.00 10.0003
8.0 0.9780 722.50 899.50 43.00 43.00 10.0005
8.0 0.9780 723.00 277.50 42.00 43.00 10.0004
8.0 0.9776 189.50 455.00 43.00 42.00 10.0006
8.0 0.9775 634.00 188.50 42.00 43.00 10.0002
8.0 0.9773 811.00 455.00 42.00 42.00 10.0148
8.0 0.9773 811.50 722.00 43.00 42.00 10.0002
8.0 0.9772 367.50 544.00 43.00 42.00 10.0008
8.0 0.9770 278.00 100.00 42.00 42.00 10.0010
8.0 0.9769 900.50 99.50 43.00 43.00 10.0002
8.0 0.9769 545.00 543.50 44.00 43.00 10.0536
8.0 0.9767 901.00 720.50 44.00 43.00 10.0185
8.0 0.9765 545.00 899.50 44.00 43.00 10.0012
8.0 0.9763 545.00 189.00 44.00 42.00 10.0005
8.0 0.9763 633.50 900.00 43.00 42.00 10.0002
8.0 0.9761 189.50 544.00 43.00 42.00 10.0008
8.0 0.9760 633.50 100.00 43.00 42.00 10.0005
8.0 0.9759 545.00 99.50 42.00 43.00 10.0002
8.0 0.9759 811.50 189.00 43.00 42.00 10.0008
8.0 0.9758 723.00 188.50 44.00 43.00 10.0023
8.0 0.9755 900.50 899.50 43.00 43.00 10.0010
8.0 0.9755 367.50 100.00 43.00 42.00 9.9996
8.0 0.9753 367.50 722.00 43.00 42.00 10.0007
8.0 0.9753 545.00 277.50 42.00 43.00 10.0008
8.0 0.9752 367.50 277.50 43.00 43.00 10.0005
8.0 0.9752 456.00 721.50 42.00 43.00 10.0003
8.0 0.9752 100.00 189.00 42.00 42.00 10.0002
8.0 0.9751 812.00 99.50 42.00 43.00 9.9998
8.0 0.9748 190.00 99.50 42.00 43.00 9.9997
8.0 0.9744 278.50 188.50 43.00 43.00 10.0004
8.0 0.9743 101.00 722.00 42.00 42.00 10.0004
8.0 0.9742 367.50 367.00 43.00 42.00 10.0010
8.0 0.9742 456.00 366.00 42.00 42.00 10.0055
8.0 0.9740 456.50 188.50 43.00 43.00 10.0004
8.0 0.9738 189.00 366.50 42.00 41.00 10.0164
8.0 0.9735 900.00 367.00 42.00 42.00 10.0197
8.0 0.9733 367.00 900.00 42.00 42.00 10.0006
8.0 0.9732 456.00 544.00 42.00 42.00 10.0108
8.0 0.9731 633.50 544.00 43.00 42.00 10.0049
8.0 0.9726 100.50 900.00 43.00 42.00 10.0004
8.0 0.9726 100.50 544.00 43.00 42.00 10.0005
8.0 0.9725 278.00 366.50 42.00 43.00 10.0005
8.0 0.9718 189.00 277.50 42.00 43.00 10.0004
8.0 0.9717 189.50 722.00 43.00 42.00 10.0008
8.0 0.9712 811.00 366.50 42.00 41.00 10.0102
8.0 0.9712 278.50 544.00 43.00 42.00 10.0132
8.0 0.9711 189.00 189.00 42.00 42.00 10.0142
8.0 0.9710 190.00 899.50 42.00 43.00 10.0012
8.0 0.9708 456.00 277.00 42.00 42.00 10.0662
8.0 0.9708 811.50 277.50 43.00 43.00 10.0005
8.0 0.9706 633.50 721.50 43.00 43.00 10.0030
8.0 0.9705 367.00 189.00 44.00 42.00 10.0018
8.0 0.9704 278.50 722.00 43.00 42.00 10.0004
8.0 0.9692 633.50 366.50 43.00 41.00 10.0222
8.0 0.9691 456.00 900.00 42.00 42.00 10.0005
8.0 0.9687 811.50 544.00 43.00 42.00 10.0657
8.0 0.9677 900.00 189.00 42.00 42.00 10.0363
8.0 0.9666 633.50 277.50 43.00 43.00 10.0010
8.0 0.9614 278.50 900.00 43.00 42.00 10.0022
