9.0 0.9882 0.7563 0.1748 0.0518 0.0488 20.0000
9.0 0.9834 0.9209 0.2490 0.0508 0.0488 20.0000
9.0 0.9833 0.7222 0.8721 0.0518 0.0488 20.0000
0.0 0.9830 0.8872 0.2300 0.0439 0.0439 -69.9999
9.0 0.9813 0.5244 0.2397 0.0508 0.0498 20.0000
9.0 0.9805 0.2261 0.6523 0.0518 0.0488 20.0000
9.0 0.9804 0.5195 0.8359 0.0508 0.0488 20.0000
1.0 0.9768 0.2471 0.7222 0.0352 0.0342 -60.0024
7.0 0.9737 0.5215 0.4717 0.0352 0.0352 0.0174
1.0 0.9692 0.5850 0.5303 0.0352 0.0352 -60.0465
0.0 0.9678 0.4390 0.2891 0.0439 0.0430 -70.0000
7.0 0.9674 0.1567 0.6592 0.0342 0.0352 0.2554
3.0 0.9563 0.5894 0.6313 0.0205 0.0205 -40.0212
2.0 0.9555 0.8442 0.3525 0.0264 0.0273 -50.3601
7.0 0.9510 0.0947 0.5068 0.0352 0.0352 0.4043
5.0 0.9369 0.4551 0.5244 0.0176 0.0176 -19.9890
3.0 0.9313 0.2954 0.2759 0.0205 0.0205 -40.0004
3.0 0.9275 0.5366 0.2832 0.0186 0.0195 -40.0334
2.0 0.9251 0.9258 0.3662 0.0273 0.0273 -50.3488
2.0 0.9237 0.8628 0.7070 0.0264 0.0273 -50.0887
3.0 0.9233 0.6763 0.3384 0.0205 0.0205 -40.0016
5.0 0.9232 0.3633 0.3062 0.0176 0.0166 -19.8280
3.0 0.9219 0.0854 0.8594 0.0127 0.0137 -39.9838
2.0 0.9144 0.4736 0.7495 0.0273 0.0283 -50.1355
3.0 0.9093 0.7544 0.6284 0.0186 0.0205 -40.0865
4.0 0.8949 0.9302 0.0732 0.0127 0.0137 -30.4424
6.0 0.8908 0.7119 0.3682 0.0273 0.0273 -9.0663
5.0 0.8902 0.5693 0.3276 0.0176 0.0186 -19.5615
4.0 0.8859 0.2651 0.0664 0.0146 0.0137 -30.1386
2.0 0.8727 0.3813 0.4297 0.0264 0.0273 -51.6826
7.0 0.8721 0.4824 0.1963 0.0273 0.0273 -2.4471
4.0 0.8621 0.3931 0.8955 0.0127 0.0137 -30.1796
7.0 0.8590 0.7822 0.4756 0.0273 0.0273 -2.6760
6.0 0.8034 0.8975 0.4375 0.0273 0.0273 -7.1754
4.0 0.7826 0.7944 0.2939 0.0127 0.0137 -33.9169
4.0 0.7713 0.5190 0.1055 0.0127 0.0137 -34.6134
6.0 0.6751 0.4824 0.1963 0.0273 0.0273 -5.5290
6.0 0.6556 0.7148 0.2510 0.0273 0.0273 -6.3856
3.0 0.6424 0.5186 0.1050 0.0137 0.0146 -37.8605
7.0 0.5395 0.7153 0.2510 0.0264 0.0273 -4.7716
