9.0 0.9882 774.50 179.00 53.00 50.00 20.0000
9.0 0.9834 943.00 255.00 52.00 50.00 20.0000
9.0 0.9833 739.50 893.00 53.00 50.00 20.0000
0.0 0.9830 908.50 235.50 45.00 45.00 -69.9999
9.0 0.9813 537.00 245.50 52.00 51.00 20.0000
9.0 0.9805 231.50 668.00 53.00 50.00 20.0000
9.0 0.9804 532.00 856.00 52.00 50.00 20.0000
1.0 0.9768 253.00 739.50 36.00 35.00 -60.0024
7.0 0.9737 534.00 483.00 36.00 36.00 0.0174
1.0 0.9692 599.00 543.00 36.00 36.00 -60.0465
0.0 0.9678 449.50 296.00 45.00 44.00 -70.0000
7.0 0.9674 160.50 675.00 35.00 36.00 0.2554
3.0 0.9563 603.50 646.50 21.00 21.00 -40.0212
2.0 0.9555 864.50 361.00 27.00 28.00 -50.3601
7.0 0.9510 97.00 519.00 36.00 36.00 0.4043
5.0 0.9369 466.00 537.00 18.00 18.00 -19.9890
3.0 0.9313 302.50 282.50 21.00 21.00 -40.0004
3.0 0.9275 549.50 290.00 19.00 20.00 -40.0334
2.0 0.9251 948.00 375.00 28.00 28.00 -50.3488
2.0 0.9237 883.50 724.00 27.00 28.00 -50.0887
3.0 0.9233 692.50 346.50 21.00 21.00 -40.0016
5.0 0.9232 372.00 313.50 18.00 17.00 -19.8280
3.0 0.9219 87.50 880.00 13.00 14.00 -39.9838
2.0 0.9144 485.00 767.50 28.00 29.00 -50.1355
3.0 0.9093 772.50 643.50 19.00 21.00 -40.0865
4.0 0.8949 952.50 75.00 13.00 14.00 -30.4424
6.0 0.8908 729.00 377.00 28.00 28.00 -9.0663
5.0 0.8902 583.00 335.50 18.00 19.00 -19.5615
4.0 0.8859 271.50 68.00 15.00 14.00 -30.1386
2.0 0.8727 390.50 440.00 27.00 28.00 -51.6826
7.0 0.8721 494.00 201.00 28.00 28.00 -2.4471
4.0 0.8621 402.50 917.00 13.00 14.00 -30.1796
7.0 0.8590 801.00 487.00 28.00 28.00 -2.6760
6.0 0.8034 919.00 448.00 28.00 28.00 -7.1754
4.0 0.7826 813.50 301.00 13.00 14.00 -33.9169
4.0 0.7713 531.50 108.00 13.00 14.00 -34.6134
6.0 0.6751 494.00 201.00 28.00 28.00 -5.5290
6.0 0.6556 732.00 257.00 28.00 28.00 -6.3856
3.0 0.6424 531.00 107.50 14.00 15.00 -37.8605
7.0 0.5395 732.50 257.00 27.00 28.00 -4.7716
