9.0 0.9870 0.3682 0.2881 0.0488 0.0469 19.9999
9.0 0.9861 0.3091 0.2510 0.0518 0.0488 20.0000
9.0 0.9851 0.1221 0.1665 0.0508 0.0479 20.0000
7.0 0.9833 0.2583 0.1177 0.0342 0.0361 0.0116
9.0 0.9816 0.5596 0.0820 0.0527 0.0508 19.9994
7.0 0.9812 0.2134 0.5054 0.0361 0.0361 0.0054
8.0 0.9810 0.5742 0.6670 0.0430 0.0430 10.0003
9.0 0.9807 0.8438 0.4702 0.0508 0.0498 20.0000
9.0 0.9801 0.6230 0.2969 0.0508 0.0488 20.0000
0.0 0.9790 0.4326 0.8555 0.0430 0.0430 -69.9999
8.0 0.9777 0.7524 0.9170 0.0439 0.0449 10.0012
1.0 0.9776 0.1016 0.5557 0.0352 0.0352 -60.0015
1.0 0.9774 0.1719 0.4697 0.0352 0.0352 -60.0023
0.0 0.9773 0.3823 0.0586 0.0420 0.0430 -69.9999
7.0 0.9769 0.3950 0.6909 0.0342 0.0342 0.1613
1.0 0.9764 0.6816 0.7012 0.0352 0.0352 -60.0006
7.0 0.9762 0.0679 0.8711 0.0342 0.0352 0.0013
8.0 0.9760 0.1206 0.4888 0.0420 0.0439 10.0001
8.0 0.9759 0.5332 0.2964 0.0430 0.0439 10.0038
0.0 0.9757 0.7017 0.2842 0.0439 0.0430 -70.0000
8.0 0.9749 0.9160 0.2461 0.0430 0.0430 10.0615
7.0 0.9748 0.5205 0.4556 0.0352 0.0361 0.0711
0.0 0.9744 0.6660 0.1523 0.0430 0.0430 -70.0000
0.0 0.9741 0.8955 0.3115 0.0430 0.0430 -69.9999
9.0 0.9735 0.1318 0.6816 0.0508 0.0488 20.0000
1.0 0.9730 0.8501 0.9292 0.0361 0.0342 -60.0021
0.0 0.9725 0.5410 0.9131 0.0430 0.0430 -70.0000
1.0 0.9719 0.7056 0.3765 0.0361 0.0361 -59.9998
0.0 0.9719 0.6914 0.8223 0.0430 0.0430 -70.0000
0.0 0.9717 0.8511 0.6611 0.0439 0.0430 -69.9999
8.0 0.9712 0.8696 0.1216 0.0420 0.0420 10.0779
8.0 0.9700 0.1523 0.4390 0.0430 0.0439 10.0003
1.0 0.9698 0.8545 0.7725 0.0352 0.0352 -60.0061
0.0 0.9695 0.0742 0.9395 0.0430 0.0430 -70.0000
0.0 0.9690 0.0728 0.3438 0.0439 0.0430 -70.0000
0.0 0.9681 0.0864 0.2266 0.0439 0.0430 -70.0000
1.0 0.9675 0.3027 0.3359 0.0352 0.0352 -60.0035
1.0 0.9665 0.1963 0.2783 0.0352 0.0332 -60.0012
2.0 0.9658 0.5786 0.7319 0.0264 0.0264 -50.2608
1.0 0.9626 0.3784 0.7085 0.0361 0.0361 -60.0004
1.0 0.9617 0.1201 0.2363 0.0352 0.0352 -60.0015
0.0 0.9602 0.8486 0.2959 0.0430 0.0430 -69.9998
2.0 0.9601 0.7769 0.6431 0.0264 0.0264 -50.0163
6.0 0.9597 0.5088 0.2021 0.0273 0.0273 -9.9806
2.0 0.9579 0.1733 0.1030 0.0283 0.0283 -50.0590
6.0 0.9573 0.2207 0.2422 0.0273 0.0273 -9.9502
3.0 0.9545 0.3784 0.1401 0.0186 0.0205 -40.0165
7.0 0.9512 0.3765 0.4082 0.0361 0.0352 0.1037
0.0 0.9503 0.1357 0.3706 0.0410 0.0420 -69.9987
6.0 0.9501 0.9370 0.9336 0.0264 0.0273 -9.9842
7.0 0.9471 0.8159 0.5264 0.0283 0.0273 -0.5265
3.0 0.9454 0.3584 0.5884 0.0195 0.0205 -40.0004
3.0 0.9359 0.7432 0.7852 0.0195 0.0195 -40.0838
2.0 0.9340 0.3701 0.1846 0.0273 0.0273 -50.0710
6.0 0.9319 0.2412 0.6621 0.0273 0.0273 -9.6541
7.0 0.9316 0.8325 0.7944 0.0420 0.0400 0.6786
6.0 0.9287 0.2837 0.3853 0.0264 0.0283 -9.9919
3.0 0.9266 0.8208 0.1426 0.0205 0.0195 -40.0273
2.0 0.9258 0.9238 0.7700 0.0273 0.0283 -50.0061
5.0 0.9243 0.4551 0.4146 0.0176 0.0186 -19.7962
5.0 0.9186 0.5303 0.0894 0.0195 0.0186 -19.9747
7.0 0.9181 0.2656 0.7451 0.0352 0.0352 0.2524
5.0 0.9152 0.3047 0.0972 0.0176 0.0186 -19.8674
1.0 0.9149 0.2104 0.2725 0.0381 0.0391 -60.0214
7.0 0.9146 0.8394 0.2925 0.0381 0.0400 0.2579
2.0 0.9131 0.1382 0.2178 0.0264 0.0273 -50.0005
8.0 0.9122 0.8271 0.8101 0.0449 0.0459 10.5216
2.0 0.9108 0.3716 0.8389 0.0283 0.0273 -50.4356
5.0 0.9020 0.5498 0.5645 0.0176 0.0176 -19.9975
3.0 0.8995 0.5449 0.3945 0.0195 0.0195 -40.0224
3.0 0.8988 0.1821 0.6538 0.0205 0.0205 -40.0192
7.0 0.8984 0.7920 0.4990 0.0273 0.0273 -2.6563
5.0 0.8899 0.2100 0.6973 0.0176 0.0176 -19.9224
9.0 0.8894 0.2417 0.2212 0.0518 0.0498 19.9999
4.0 0.8803 0.4502 0.6045 0.0137 0.0137 -30.9735
4.0 0.8730 0.1255 0.7979 0.0127 0.0137 -30.4290
5.0 0.8706 0.2817 0.1611 0.0166 0.0176 -19.2289
6.0 0.8664 0.5542 0.5215 0.0264 0.0273 -9.1556
2.0 0.8656 0.4941 0.3228 0.0273 0.0264 -50.5151
5.0 0.8557 0.7344 0.3677 0.0176 0.0186 -19.8585
4.0 0.8513 0.5063 0.3828 0.0127 0.0137 -32.3044
3.0 0.8425 0.7041 0.5513 0.0195 0.0186 -40.0174
9.0 0.8420 0.2725 0.7188 0.0469 0.0430 19.7697
9.0 0.8407 0.8521 0.7900 0.0654 0.0508 19.9999
3.0 0.8403 0.3721 0.3066 0.0195 0.0195 -40.0122
6.0 0.8308 0.2871 0.3618 0.0254 0.0283 -9.9983
8.0 0.8282 0.8330 0.7939 0.0391 0.0371 6.7939
1.0 0.8236 0.7051 0.5420 0.0273 0.0293 -59.6246
7.0 0.8210 0.2354 0.2100 0.0352 0.0332 0.0178
6.0 0.8056 0.6465 0.2100 0.0273 0.0273 -7.3605
7.0 0.7990 0.2896 0.7183 0.0342 0.0361 0.1076
3.0 0.7611 0.8027 0.5928 0.0137 0.0137 -38.7068
4.0 0.7508 0.8022 0.5928 0.0127 0.0137 -33.9040
3.0 0.6725 0.6948 0.3516 0.0146 0.0137 -35.3528
4.0 0.6137 0.6953 0.3511 0.0137 0.0146 -33.8616
4.0 0.6137 0.3975 0.0723 0.0137 0.0137 -30.0224
8.0 0.5734 0.2812 0.7188 0.0391 0.0391 8.6788
6.0 0.5020 0.1382 0.3774 0.0303 0.0303 -7.2021
7.0 0.4479 0.8228 0.7886 0.0264 0.0322 0.6185
7.0 0.4078 0.7900 0.4927 0.0156 0.0518 -0.1599
