467.3030700683594 96.36734771728516 500.6062927246094 127.3049087524414
572.8615112304688 143.76742553710938 605.5542602539062 174.99542236328125
445.505615234375 542.6011962890625 478.9486083984375 574.00634765625
553.7669677734375 133.42491149902344 581.9486083984375 161.43019104003906
319.32000732421875 137.73944091796875 352.17529296875 169.14089965820312
128.29176330566406 402.0242614746094 161.47496032714844 433.2571716308594
316.1320495605469 519.2268676757812 349.0537414550781 550.3915405273438
147.00015258789062 450.9668273925781 169.30776977539062 473.1561584472656
322.3487854003906 290.3135070800781 345.0179748535156 313.0182800292969
363.2750244140625 328.3423156738281 385.71014404296875 350.5298156738281
267.1528625488281 171.0391082763672 294.7643127441406 198.79237365722656
89.49943542480469 410.5176696777344 111.32429504394531 433.1271667480469
370.8741149902344 397.69488525390625 383.7791442871094 410.63330078125
531.6648559570312 216.60391235351562 548.9985961914062 234.0963134765625
49.35002899169922 313.3026428222656 71.68968200683594 335.7466735839844
285.86468505859375 329.8919982910156 296.9449462890625 341.2794494628906
182.23736572265625 170.2976837158203 195.34628295898438 183.31053161621094
337.3756103515625 174.7131805419922 349.56097412109375 187.30067443847656
584.0623168945312 225.47055053710938 601.4575805664062 242.84619140625
543.5524291992188 443.83209228515625 560.6185913085938 461.25921630859375
426.5172119140625 210.16537475585938 439.2716064453125 223.09115600585938
226.70767211914062 190.41944885253906 237.86395263671875 201.5449981689453
50.41147994995117 545.64208984375 58.80410385131836 554.4976806640625
294.244384765625 470.74530029296875 311.84735107421875 488.6337890625
476.6035461425781 395.7164611816406 489.0457458496094 408.5951232910156
591.1941528320312 42.417503356933594 599.5781860351562 51.14196014404297
446.6282043457031 227.14430236816406 464.0765075683594 244.50682067871094
358.7745361328125 203.82583618164062 370.227783203125 215.83282470703125
165.29083251953125 37.874202728271484 174.20181274414062 46.756046295166016
235.45257568359375 266.2186584472656 252.56988525390625 283.8847961425781
300.18499755859375 116.74332427978516 317.51458740234375 134.345703125
247.22825622558594 568.7030029296875 255.4617462158203 577.1904296875
492.1811218261719 295.4334411621094 509.2377624511719 312.9912414550781
565.8729858398438 271.1263732910156 583.3121948242188 288.5967102050781
504.21771240234375 183.77857971191406 512.7467651367188 192.3393096923828
327.9455261230469 63.20237350463867 336.4073181152344 71.80567932128906
300.1400451660156 116.69921875 317.7300720214844 134.46388244628906
448.94122314453125 151.82115173339844 466.5345458984375 169.4261932373047
327.5011901855469 62.41387939453125 336.3951110839844 71.93284606933594
449.424560546875 151.67169189453125 466.4700927734375 169.18411254882812
