9.0 0.9870 0.2304 0.1799 0.0306 0.0292 19.9999
9.0 0.9861 0.1932 0.1567 0.0320 0.0306 20.0000
9.0 0.9851 0.0760 0.1041 0.0318 0.0303 20.0000
7.0 0.9833 0.1613 0.0736 0.0217 0.0222 0.0116
9.0 0.9816 0.3496 0.0514 0.0326 0.0315 19.9994
7.0 0.9812 0.1332 0.3158 0.0226 0.0226 0.0054
8.0 0.9810 0.3588 0.4169 0.0272 0.0271 10.0003
9.0 0.9807 0.5273 0.2938 0.0318 0.0311 20.0000
9.0 0.9801 0.3895 0.1855 0.0320 0.0309 20.0000
0.0 0.9790 0.2704 0.5346 0.0269 0.0268 -69.9999
8.0 0.9777 0.4704 0.5730 0.0273 0.0277 10.0012
1.0 0.9776 0.0637 0.3472 0.0221 0.0221 -60.0015
1.0 0.9774 0.1074 0.2938 0.0221 0.0219 -60.0023
0.0 0.9773 0.2392 0.0365 0.0264 0.0269 -69.9999
7.0 0.9769 0.2468 0.4317 0.0218 0.0213 0.1613
1.0 0.9764 0.4262 0.4382 0.0222 0.0221 -60.0006
7.0 0.9762 0.0425 0.5444 0.0217 0.0218 0.0013
8.0 0.9760 0.0754 0.3053 0.0265 0.0274 10.0001
8.0 0.9759 0.3332 0.1854 0.0272 0.0275 10.0038
0.0 0.9757 0.4384 0.1778 0.0271 0.0269 -70.0000
8.0 0.9749 0.5725 0.1539 0.0267 0.0273 10.0615
7.0 0.9748 0.3253 0.2849 0.0223 0.0228 0.0711
0.0 0.9744 0.4163 0.0953 0.0268 0.0269 -70.0000
0.0 0.9741 0.5595 0.1947 0.0270 0.0267 -69.9999
9.0 0.9735 0.0826 0.4259 0.0319 0.0306 20.0000
1.0 0.9730 0.5313 0.5808 0.0221 0.0219 -60.0021
0.0 0.9725 0.3383 0.5706 0.0269 0.0270 -70.0000
1.0 0.9719 0.4409 0.2351 0.0223 0.0224 -59.9998
0.0 0.9719 0.4321 0.5139 0.0270 0.0270 -70.0000
0.0 0.9717 0.5320 0.4132 0.0270 0.0271 -69.9999
8.0 0.9712 0.5434 0.0761 0.0265 0.0263 10.0779
8.0 0.9700 0.0951 0.2743 0.0270 0.0274 10.0003
1.0 0.9698 0.5341 0.4829 0.0223 0.0220 -60.0061
0.0 0.9695 0.0466 0.5871 0.0269 0.0268 -70.0000
0.0 0.9690 0.0454 0.2148 0.0270 0.0269 -70.0000
0.0 0.9681 0.0540 0.1416 0.0275 0.0268 -70.0000
1.0 0.9675 0.1892 0.2101 0.0221 0.0224 -60.0035
1.0 0.9665 0.1229 0.1739 0.0219 0.0212 -60.0012
2.0 0.9658 0.3616 0.4576 0.0166 0.0168 -50.2608
1.0 0.9626 0.2363 0.4428 0.0223 0.0224 -60.0004
1.0 0.9617 0.0753 0.1475 0.0219 0.0218 -60.0015
0.0 0.9602 0.5306 0.1848 0.0268 0.0267 -69.9998
2.0 0.9601 0.4854 0.4020 0.0165 0.0165 -50.0163
6.0 0.9597 0.3178 0.1263 0.0171 0.0173 -9.9806
2.0 0.9579 0.1081 0.0645 0.0176 0.0174 -50.0590
6.0 0.9573 0.1381 0.1511 0.0171 0.0170 -9.9502
3.0 0.9545 0.2366 0.0876 0.0121 0.0124 -40.0165
7.0 0.9512 0.2353 0.2552 0.0222 0.0223 0.1037
0.0 0.9503 0.0849 0.2315 0.0260 0.0262 -69.9987
6.0 0.9501 0.5857 0.5835 0.0170 0.0173 -9.9842
7.0 0.9471 0.5099 0.3288 0.0173 0.0172 -0.5265
3.0 0.9454 0.2241 0.3679 0.0127 0.0127 -40.0004
3.0 0.9359 0.4646 0.4906 0.0122 0.0123 -40.0838
2.0 0.9340 0.2313 0.1153 0.0169 0.0170 -50.0710
6.0 0.9319 0.1509 0.4137 0.0173 0.0171 -9.6541
7.0 0.9316 0.5206 0.4966 0.0262 0.0249 0.6786
6.0 0.9287 0.1775 0.2409 0.0167 0.0173 -9.9919
3.0 0.9266 0.5130 0.0890 0.0129 0.0122 -40.0273
2.0 0.9258 0.5775 0.4814 0.0173 0.0175 -50.0061
5.0 0.9243 0.2847 0.2589 0.0110 0.0114 -19.7962
5.0 0.9186 0.3314 0.0559 0.0118 0.0114 -19.9747
7.0 0.9181 0.1660 0.4656 0.0220 0.0222 0.2524
5.0 0.9152 0.1906 0.0605 0.0112 0.0115 -19.8674
1.0 0.9149 0.1315 0.1701 0.0236 0.0245 -60.0214
7.0 0.9146 0.5246 0.1830 0.0235 0.0252 0.2579
2.0 0.9131 0.0864 0.1363 0.0164 0.0172 -50.0005
8.0 0.9122 0.5170 0.5060 0.0283 0.0287 10.5216
2.0 0.9108 0.2322 0.5242 0.0172 0.0173 -50.4356
5.0 0.9020 0.3439 0.3529 0.0109 0.0114 -19.9975
3.0 0.8995 0.3407 0.2466 0.0124 0.0126 -40.0224
3.0 0.8988 0.1137 0.4086 0.0126 0.0127 -40.0192
7.0 0.8984 0.4953 0.3118 0.0172 0.0169 -2.6563
5.0 0.8899 0.1313 0.4358 0.0107 0.0107 -19.9224
9.0 0.8894 0.1511 0.1385 0.0321 0.0311 19.9999
4.0 0.8803 0.2815 0.3777 0.0083 0.0086 -30.9735
4.0 0.8730 0.0783 0.4987 0.0082 0.0083 -30.4290
5.0 0.8706 0.1759 0.1008 0.0105 0.0108 -19.2289
6.0 0.8664 0.3463 0.3259 0.0168 0.0173 -9.1556
2.0 0.8656 0.3089 0.2018 0.0170 0.0169 -50.5151
5.0 0.8557 0.4591 0.2299 0.0114 0.0115 -19.8585
4.0 0.8513 0.3165 0.2393 0.0083 0.0082 -32.3044
3.0 0.8425 0.4401 0.3445 0.0118 0.0113 -40.0174
9.0 0.8420 0.1702 0.4491 0.0290 0.0268 19.7697
9.0 0.8407 0.5326 0.4937 0.0405 0.0319 19.9999
3.0 0.8403 0.2327 0.1916 0.0123 0.0119 -40.0122
6.0 0.8308 0.1794 0.2261 0.0164 0.0173 -9.9983
8.0 0.8282 0.5206 0.4963 0.0245 0.0233 6.7939
1.0 0.8236 0.4406 0.3385 0.0173 0.0184 -59.6246
7.0 0.8210 0.1472 0.1314 0.0219 0.0205 0.0178
6.0 0.8056 0.4043 0.1313 0.0171 0.0172 -7.3605
7.0 0.7990 0.1810 0.4490 0.0211 0.0225 0.1076
3.0 0.7611 0.5018 0.3703 0.0086 0.0088 -38.7068
4.0 0.7508 0.5014 0.3704 0.0085 0.0085 -33.9040
3.0 0.6725 0.4342 0.2197 0.0088 0.0086 -35.3528
4.0 0.6137 0.4347 0.2195 0.0085 0.0089 -33.8616
4.0 0.6137 0.2482 0.0451 0.0085 0.0084 -30.0224
8.0 0.5734 0.1756 0.4492 0.0243 0.0241 8.6788
6.0 0.5020 0.0867 0.2361 0.0189 0.0192 -7.2021
7.0 0.4479 0.5142 0.4929 0.0168 0.0198 0.6185
7.0 0.4078 0.4937 0.3078 0.0095 0.0325 -0.1599
