220.2515411376953 169.2456512451172 251.54273986816406 199.12586975097656
181.40142822265625 144.738525390625 214.20263671875 176.1104736328125
61.56711959838867 91.05390930175781 94.11865234375 122.07392883300781
154.0880889892578 64.05633544921875 176.3208770751953 86.75001525878906
341.3127136230469 36.53247833251953 374.7016296386719 68.7461166381836
124.83795928955078 311.8443603515625 147.96986389160156 334.9915771484375
353.5018005371094 413.0187683105469 381.3545837402344 440.7613220214844
523.6318359375 284.9417419433594 556.2098388671875 316.8029479980469
382.4576110839844 174.12445068359375 415.2012023925781 205.73455810546875
263.08294677734375 533.6973266601562 290.60687255859375 561.1394653320312
467.6951904296875 572.6130981445312 495.60528564453125 600.9743041992188
53.93567657470703 344.188232421875 76.52579498291016 366.79290771484375
98.70382690429688 289.66693115234375 121.32916259765625 312.05181884765625
231.3655548095703 23.582901000976562 258.4302673339844 51.07891082763672
241.5925750732422 431.1653137207031 263.9322204589844 452.9341125488281
425.0978088378906 437.4232177734375 447.8070373535156 460.08892822265625
32.39887237548828 546.26953125 54.59095001220703 568.5594482421875
63.647403717041016 298.55279541015625 90.82759094238281 326.60919189453125
327.2595520019531 175.8048095703125 355.0793151855469 203.96417236328125
435.0274963378906 168.3217315673828 462.8144226074219 195.8487091064453
572.5445556640625 143.63104248046875 599.8492431640625 171.53753662109375
321.73626708984375 280.0329284667969 344.5716552734375 303.4010925292969
412.53411865234375 83.84921264648438 439.97222900390625 111.35153198242188
559.123779296875 185.7287139892578 586.7847900390625 213.03709411621094
68.19976043701172 420.45166015625 100.87653350830078 451.74298095703125
532.7747802734375 583.5137939453125 555.3658447265625 605.9354248046875
332.6317443847656 570.4735107421875 360.1496276855469 598.152099609375
440.0528869628906 229.2683563232422 462.8490905761719 252.2068328857422
428.6666259765625 512.3763427734375 456.26416015625 540.0145263671875
530.8923950195312 409.29205322265625 558.5466918945312 437.03399658203125
542.8263549804688 64.47470092773438 569.9642944335938 91.37489318847656
83.50210571289062 266.84600830078125 111.18397521972656 294.91192626953125
535.52490234375 483.20343017578125 558.3282470703125 505.70159912109375
33.96002197265625 587.4757080078125 61.47245788574219 614.9674072265625
32.70657730102539 206.2115020751953 60.34769058227539 233.7799530029297
41.24577331542969 131.26956176757812 69.44450378417969 158.73153686523438
182.46487426757812 203.64859008789062 205.08889770507812 226.5509033203125
114.6495590209961 167.28575134277344 137.04837036132812 188.9551544189453
361.7737121582031 459.9819641113281 378.7320861816406 477.1403503417969
230.5673828125 441.8981018066406 253.44314575195312 464.8816833496094
65.8429946899414 139.87844848632812 88.30753326416016 162.24606323242188
529.5869750976562 175.61387634277344 557.0136108398438 202.95286560058594
488.6272888183594 403.1816711425781 505.5639343261719 420.0730895996094
316.6644592285156 120.44642639160156 334.1483459472656 138.21107482910156
101.71009063720703 57.16013717651367 119.72063446044922 74.9799575805664
132.64105224609375 146.06964111328125 150.16104125976562 163.43780517578125
236.0765838623047 83.42484283447266 248.4350128173828 96.0715103149414
229.56759643554688 249.8853302001953 252.2969970703125 272.6751403808594
73.5970687866211 223.6554412841797 100.2010269165039 250.51820373535156
591.017822265625 588.6396484375 608.4134521484375 606.3184814453125
513.225341796875 327.84661865234375 530.975830078125 345.4935302734375
222.94790649414062 370.2654113769531 235.92901611328125 383.2493591308594
469.5138244628906 496.058837890625 482.0528869628906 508.640869140625
228.18252563476562 109.34516143798828 245.47708129882812 126.72309112548828
145.67286682128906 414.9210205078125 163.4335174560547 432.40948486328125
519.662109375 495.7818908691406 546.4705810546875 521.3219604492188
173.19956970214844 237.79864501953125 190.2905731201172 255.51629638671875
518.6970825195312 84.82698822021484 531.9423217773438 97.3428726196289
582.5565185546875 483.9886474609375 600.2349853515625 501.86376953125
285.9258117675781 259.31646728515625 297.1389465332031 270.9425048828125
333.27679443359375 51.417633056640625 345.36590576171875 63.140716552734375
158.7589111328125 465.4009704589844 181.25186157226562 488.1465148925781
189.43348693847656 56.075782775878906 200.87535095214844 67.85997772216797
122.6177749633789 161.5958709716797 146.78599548339844 186.71986389160156
525.1521606445312 174.4422607421875 549.1732788085938 200.285400390625
80.02304077148438 130.78709411621094 96.84918212890625 148.37596130371094
514.90087890625 503.5151062011719 543.848388671875 532.8650512695312
228.99664306640625 527.9169921875 246.572998046875 545.670654296875
346.53656005859375 355.53363037109375 357.673583984375 367.1636962890625
342.51556396484375 246.08042907714844 355.25946044921875 259.0140075683594
109.95147705078125 411.8571472167969 122.87297058105469 424.8608093261719
498.3504333496094 310.65753173828125 515.9227294921875 327.968017578125
128.95538330078125 440.7322692871094 139.915283203125 451.7068176269531
138.31155395507812 125.85050201416016 171.14157104492188 157.7189483642578
284.0219421386719 382.4021911621094 292.5090637207031 391.1903381347656
75.96044921875 506.46844482421875 84.33772277832031 514.9672241210938
174.73019409179688 97.66580200195312 185.490966796875 108.70350646972656
346.0046691894531 324.8612365722656 363.2328186035156 342.6175842285156
307.57696533203125 197.98817443847656 325.01220703125 215.27796936035156
464.2742004394531 229.53941345214844 475.9362487792969 241.31361389160156
319.82220458984375 240.77716064453125 328.31640625 249.20944213867188
444.58233642578125 347.0230712890625 456.70941162109375 358.54425048828125
159.4079132080078 446.10186767578125 189.1168975830078 473.58953857421875
524.6204223632812 489.251708984375 566.0634155273438 521.88232421875
231.971923828125 190.11070251464844 244.52490234375 202.27574157714844
175.35353088378906 222.7176971435547 192.10853576660156 240.40403747558594
520.584716796875 496.3270568847656 545.7015380859375 520.1853637695312
442.322265625 337.2102355957031 460.046142578125 356.0242004394531
139.56239318847656 124.00827026367188 161.96568298339844 145.03280639648438
405.251953125 125.64503479003906 422.76910400390625 143.2182159423828
174.5518341064453 448.185302734375 196.1073455810547 471.26690673828125
509.43560791015625 374.6916809082031 518.2499389648438 383.6679992675781
509.11651611328125 374.9310302734375 517.8002319335938 383.59967041015625
440.1439208984375 220.5792999267578 449.16986083984375 229.41004943847656
440.7704162597656 220.19093322753906 449.4501647949219 229.2811737060547
249.79843139648438 41.924781799316406 258.5451354980469 50.477439880371094
167.33135986328125 447.642822265625 192.20489501953125 472.2730712890625
79.0495376586914 231.92172241210938 98.42810821533203 251.55557250976562
517.9017333984375 494.54473876953125 535.1539306640625 514.825927734375
500.6893615722656 298.5179748535156 510.3850402832031 331.8412170410156
