5.0 0.9662 545.00 100.00 16.00 16.00 -19.9983
5.0 0.9608 633.50 100.00 15.00 16.00 -19.9979
5.0 0.9585 722.00 900.00 16.00 16.00 -19.9961
5.0 0.9581 722.50 100.00 17.00 16.00 -19.9956
5.0 0.9573 545.00 900.00 16.00 16.00 -19.9990
5.0 0.9564 633.00 900.00 16.00 16.00 -19.9980
5.0 0.9550 723.00 189.00 16.00 16.00 -19.9943
5.0 0.9538 456.00 100.00 16.00 16.00 -19.9902
5.0 0.9527 811.50 188.50 17.00 15.00 -19.9990
5.0 0.9507 811.50 278.00 17.00 16.00 -19.9907
5.0 0.9506 900.00 900.00 16.00 16.00 -20.0010
5.0 0.9503 811.50 900.00 15.00 16.00 -20.0018
5.0 0.9502 722.50 278.00 17.00 16.00 -19.9956
5.0 0.9502 545.00 188.50 16.00 17.00 -19.9798
5.0 0.9490 812.00 811.00 16.00 16.00 -20.0014
5.0 0.9489 723.00 811.00 16.00 16.00 -20.0015
5.0 0.9488 545.00 277.50 16.00 17.00 -19.9916
5.0 0.9474 811.50 100.00 17.00 16.00 -20.0005
5.0 0.9463 545.00 811.00 16.00 16.00 -20.0015
5.0 0.9459 901.00 811.00 16.00 16.00 -20.0007
5.0 0.9453 633.50 278.00 17.00 16.00 -19.9295
5.0 0.9449 634.00 189.00 16.00 16.00 -19.9629
5.0 0.9442 456.00 189.00 16.00 16.00 -19.9865
5.0 0.9439 456.00 900.00 16.00 16.00 -19.9956
5.0 0.9437 367.00 100.00 16.00 16.00 -19.9919
5.0 0.9411 634.00 811.00 16.00 16.00 -19.9860
5.0 0.9405 456.00 811.00 16.00 16.00 -20.0023
5.0 0.9395 366.50 900.00 17.00 16.00 -19.9978
5.0 0.9374 367.00 189.00 16.00 16.00 -19.9975
5.0 0.9358 100.50 544.00 17.00 16.00 -19.9989
5.0 0.9357 278.00 278.00 16.00 16.00 -19.9948
5.0 0.9339 366.00 278.00 16.00 16.00 -19.9929
5.0 0.9318 901.00 100.00 16.00 16.00 -19.9991
5.0 0.9312 189.00 544.00 16.00 16.00 -19.9944
5.0 0.9311 100.00 722.00 16.00 16.00 -19.9973
5.0 0.9307 455.00 278.00 16.00 16.00 -19.9389
5.0 0.9298 100.50 633.00 17.00 16.00 -19.9960
5.0 0.9295 100.50 366.00 17.00 16.00 -19.9994
5.0 0.9290 633.50 366.00 15.00 16.00 -19.9921
5.0 0.9272 900.50 189.00 17.00 16.00 -19.9994
5.0 0.9272 811.50 366.50 17.00 17.00 -19.9974
5.0 0.9250 367.00 811.00 16.00 16.00 -20.0020
5.0 0.9248 722.50 366.50 17.00 17.00 -20.0026
5.0 0.9248 900.50 278.00 17.00 16.00 -20.0013
5.0 0.9246 278.00 722.00 16.00 16.00 -19.9988
5.0 0.9243 189.00 100.00 16.00 16.00 -19.9988
5.0 0.9234 278.00 366.50 16.00 17.00 -19.9991
5.0 0.9233 189.00 722.00 16.00 16.00 -19.9959
5.0 0.9222 278.00 811.00 16.00 16.00 -20.0016
5.0 0.9213 723.00 722.00 16.00 16.00 -19.9983
5.0 0.9202 278.00 188.50 16.00 15.00 -19.9708
5.0 0.9202 189.50 633.00 17.00 16.00 -19.9561
5.0 0.9195 811.00 722.50 16.00 15.00 -19.9998
5.0 0.9185 900.00 544.50 16.00 17.00 -20.0012
5.0 0.9175 188.50 278.00 17.00 16.00 -19.9877
5.0 0.9171 100.50 455.00 17.00 16.00 -19.9995
5.0 0.9166 100.50 811.00 17.00 16.00 -19.9985
5.0 0.9163 189.00 366.00 16.00 16.00 -19.9961
5.0 0.9158 278.00 544.50 16.00 17.00 -19.9974
5.0 0.9156 900.50 366.50 17.00 17.00 -19.9998
5.0 0.9155 278.00 633.00 16.00 16.00 -19.9972
5.0 0.9154 900.00 722.50 16.00 15.00 -19.9995
5.0 0.9152 278.50 99.50 15.00 15.00 -19.9966
5.0 0.9152 367.00 544.50 16.00 17.00 -19.9941
5.0 0.9146 367.00 455.50 16.00 17.00 -20.0017
5.0 0.9142 278.00 900.00 16.00 16.00 -19.9963
5.0 0.9139 367.00 366.50 16.00 17.00 -19.9988
5.0 0.9134 900.50 455.50 17.00 17.00 -19.9999
5.0 0.9125 100.50 277.00 17.00 16.00 -20.0008
5.0 0.9115 722.50 633.50 17.00 15.00 -19.9980
5.0 0.9108 545.00 722.00 16.00 16.00 -20.0013
5.0 0.9106 100.00 188.50 16.00 15.00 -20.0002
5.0 0.9106 634.00 722.00 16.00 16.00 -19.9978
5.0 0.9097 189.00 188.50 16.00 15.00 -19.9690
5.0 0.9089 544.50 366.00 17.00 16.00 -19.9778
5.0 0.9088 189.00 455.00 16.00 16.00 -19.9956
5.0 0.9087 367.00 633.00 16.00 16.00 -19.9968
5.0 0.9077 278.00 455.50 16.00 17.00 -19.9973
5.0 0.9073 811.50 455.50 17.00 17.00 -19.9920
5.0 0.9072 900.00 633.50 16.00 15.00 -19.9990
5.0 0.9060 189.00 900.00 16.00 16.00 -20.0009
5.0 0.9057 633.00 455.00 16.00 16.00 -19.9566
5.0 0.9055 811.00 633.50 16.00 15.00 -19.9995
5.0 0.9051 367.00 722.00 16.00 16.00 -19.9980
5.0 0.9046 722.50 455.50 17.00 17.00 -19.9926
5.0 0.9043 455.50 366.00 17.00 16.00 -19.9883
5.0 0.9007 545.00 544.00 16.00 16.00 -19.9977
5.0 0.9007 634.00 544.00 16.00 16.00 -19.9979
5.0 0.9006 189.00 811.00 16.00 16.00 -20.0014
5.0 0.8996 722.50 544.00 17.00 16.00 -19.9913
5.0 0.8981 456.00 544.00 16.00 16.00 -19.9952
5.0 0.8981 544.50 455.50 17.00 15.00 -19.9841
5.0 0.8964 100.00 99.50 16.00 15.00 -19.9998
5.0 0.8942 634.00 633.00 16.00 16.00 -19.9913
5.0 0.8936 100.50 900.00 17.00 16.00 -19.9993
5.0 0.8901 456.00 722.00 16.00 16.00 -19.9973
5.0 0.8889 456.00 633.50 16.00 15.00 -19.9915
5.0 0.8859 811.00 544.50 16.00 17.00 -19.9981
5.0 0.8810 455.50 455.00 17.00 16.00 -19.9700
5.0 0.8807 545.00 633.50 16.00 15.00 -19.9992
