5.0 0.9662 0.5322 0.0977 0.0156 0.0156 -19.9983
5.0 0.9608 0.6187 0.0977 0.0146 0.0156 -19.9979
5.0 0.9585 0.7051 0.8789 0.0156 0.0156 -19.9961
5.0 0.9581 0.7056 0.0977 0.0166 0.0156 -19.9956
5.0 0.9573 0.5322 0.8789 0.0156 0.0156 -19.9990
5.0 0.9564 0.6182 0.8789 0.0156 0.0156 -19.9980
5.0 0.9550 0.7061 0.1846 0.0156 0.0156 -19.9943
5.0 0.9538 0.4453 0.0977 0.0156 0.0156 -19.9902
5.0 0.9527 0.7925 0.1841 0.0166 0.0146 -19.9990
5.0 0.9507 0.7925 0.2715 0.0166 0.0156 -19.9907
5.0 0.9506 0.8789 0.8789 0.0156 0.0156 -20.0010
5.0 0.9503 0.7925 0.8789 0.0146 0.0156 -20.0018
5.0 0.9502 0.7056 0.2715 0.0166 0.0156 -19.9956
5.0 0.9502 0.5322 0.1841 0.0156 0.0166 -19.9798
5.0 0.9490 0.7930 0.7920 0.0156 0.0156 -20.0014
5.0 0.9489 0.7061 0.7920 0.0156 0.0156 -20.0015
5.0 0.9488 0.5322 0.2710 0.0156 0.0166 -19.9916
5.0 0.9474 0.7925 0.0977 0.0166 0.0156 -20.0005
5.0 0.9463 0.5322 0.7920 0.0156 0.0156 -20.0015
5.0 0.9459 0.8799 0.7920 0.0156 0.0156 -20.0007
5.0 0.9453 0.6187 0.2715 0.0166 0.0156 -19.9295
5.0 0.9449 0.6191 0.1846 0.0156 0.0156 -19.9629
5.0 0.9442 0.4453 0.1846 0.0156 0.0156 -19.9865
5.0 0.9439 0.4453 0.8789 0.0156 0.0156 -19.9956
5.0 0.9437 0.3584 0.0977 0.0156 0.0156 -19.9919
5.0 0.9411 0.6191 0.7920 0.0156 0.0156 -19.9860
5.0 0.9405 0.4453 0.7920 0.0156 0.0156 -20.0023
5.0 0.9395 0.3579 0.8789 0.0166 0.0156 -19.9978
5.0 0.9374 0.3584 0.1846 0.0156 0.0156 -19.9975
5.0 0.9358 0.0981 0.5312 0.0166 0.0156 -19.9989
5.0 0.9357 0.2715 0.2715 0.0156 0.0156 -19.9948
5.0 0.9339 0.3574 0.2715 0.0156 0.0156 -19.9929
5.0 0.9318 0.8799 0.0977 0.0156 0.0156 -19.9991
5.0 0.9312 0.1846 0.5312 0.0156 0.0156 -19.9944
5.0 0.9311 0.0977 0.7051 0.0156 0.0156 -19.9973
5.0 0.9307 0.4443 0.2715 0.0156 0.0156 -19.9389
5.0 0.9298 0.0981 0.6182 0.0166 0.0156 -19.9960
5.0 0.9295 0.0981 0.3574 0.0166 0.0156 -19.9994
5.0 0.9290 0.6187 0.3574 0.0146 0.0156 -19.9921
5.0 0.9272 0.8794 0.1846 0.0166 0.0156 -19.9994
5.0 0.9272 0.7925 0.3579 0.0166 0.0166 -19.9974
5.0 0.9250 0.3584 0.7920 0.0156 0.0156 -20.0020
5.0 0.9248 0.7056 0.3579 0.0166 0.0166 -20.0026
5.0 0.9248 0.8794 0.2715 0.0166 0.0156 -20.0013
5.0 0.9246 0.2715 0.7051 0.0156 0.0156 -19.9988
5.0 0.9243 0.1846 0.0977 0.0156 0.0156 -19.9988
5.0 0.9234 0.2715 0.3579 0.0156 0.0166 -19.9991
5.0 0.9233 0.1846 0.7051 0.0156 0.0156 -19.9959
5.0 0.9222 0.2715 0.7920 0.0156 0.0156 -20.0016
5.0 0.9213 0.7061 0.7051 0.0156 0.0156 -19.9983
5.0 0.9202 0.2715 0.1841 0.0156 0.0146 -19.9708
5.0 0.9202 0.1851 0.6182 0.0166 0.0156 -19.9561
5.0 0.9195 0.7920 0.7056 0.0156 0.0146 -19.9998
5.0 0.9185 0.8789 0.5317 0.0156 0.0166 -20.0012
5.0 0.9175 0.1841 0.2715 0.0166 0.0156 -19.9877
5.0 0.9171 0.0981 0.4443 0.0166 0.0156 -19.9995
5.0 0.9166 0.0981 0.7920 0.0166 0.0156 -19.9985
5.0 0.9163 0.1846 0.3574 0.0156 0.0156 -19.9961
5.0 0.9158 0.2715 0.5317 0.0156 0.0166 -19.9974
5.0 0.9156 0.8794 0.3579 0.0166 0.0166 -19.9998
5.0 0.9155 0.2715 0.6182 0.0156 0.0156 -19.9972
5.0 0.9154 0.8789 0.7056 0.0156 0.0146 -19.9995
5.0 0.9152 0.2720 0.0972 0.0146 0.0146 -19.9966
5.0 0.9152 0.3584 0.5317 0.0156 0.0166 -19.9941
5.0 0.9146 0.3584 0.4448 0.0156 0.0166 -20.0017
5.0 0.9142 0.2715 0.8789 0.0156 0.0156 -19.9963
5.0 0.9139 0.3584 0.3579 0.0156 0.0166 -19.9988
5.0 0.9134 0.8794 0.4448 0.0166 0.0166 -19.9999
5.0 0.9125 0.0981 0.2705 0.0166 0.0156 -20.0008
5.0 0.9115 0.7056 0.6187 0.0166 0.0146 -19.9980
5.0 0.9108 0.5322 0.7051 0.0156 0.0156 -20.0013
5.0 0.9106 0.0977 0.1841 0.0156 0.0146 -20.0002
5.0 0.9106 0.6191 0.7051 0.0156 0.0156 -19.9978
5.0 0.9097 0.1846 0.1841 0.0156 0.0146 -19.9690
5.0 0.9089 0.5317 0.3574 0.0166 0.0156 -19.9778
5.0 0.9088 0.1846 0.4443 0.0156 0.0156 -19.9956
5.0 0.9087 0.3584 0.6182 0.0156 0.0156 -19.9968
5.0 0.9077 0.2715 0.4448 0.0156 0.0166 -19.9973
5.0 0.9073 0.7925 0.4448 0.0166 0.0166 -19.9920
5.0 0.9072 0.8789 0.6187 0.0156 0.0146 -19.9990
5.0 0.9060 0.1846 0.8789 0.0156 0.0156 -20.0009
5.0 0.9057 0.6182 0.4443 0.0156 0.0156 -19.9566
5.0 0.9055 0.7920 0.6187 0.0156 0.0146 -19.9995
5.0 0.9051 0.3584 0.7051 0.0156 0.0156 -19.9980
5.0 0.9046 0.7056 0.4448 0.0166 0.0166 -19.9926
5.0 0.9043 0.4448 0.3574 0.0166 0.0156 -19.9883
5.0 0.9007 0.5322 0.5312 0.0156 0.0156 -19.9977
5.0 0.9007 0.6191 0.5312 0.0156 0.0156 -19.9979
5.0 0.9006 0.1846 0.7920 0.0156 0.0156 -20.0014
5.0 0.8996 0.7056 0.5312 0.0166 0.0156 -19.9913
5.0 0.8981 0.4453 0.5312 0.0156 0.0156 -19.9952
5.0 0.8981 0.5317 0.4448 0.0166 0.0146 -19.9841
5.0 0.8964 0.0977 0.0972 0.0156 0.0146 -19.9998
5.0 0.8942 0.6191 0.6182 0.0156 0.0156 -19.9913
5.0 0.8936 0.0981 0.8789 0.0166 0.0156 -19.9993
5.0 0.8901 0.4453 0.7051 0.0156 0.0156 -19.9973
5.0 0.8889 0.4453 0.6187 0.0156 0.0146 -19.9915
5.0 0.8859 0.7920 0.5317 0.0156 0.0166 -19.9981
5.0 0.8810 0.4448 0.4443 0.0166 0.0156 -19.9700
5.0 0.8807 0.5322 0.6187 0.0156 0.0146 -19.9992
