5.0 0.9251 456.00 100.00 14.00 14.00 -20.1338
5.0 0.9206 811.50 99.50 15.00 15.00 -20.0157
5.0 0.9175 723.00 100.00 14.00 14.00 -20.5455
5.0 0.9154 100.00 544.50 16.00 15.00 -20.0038
5.0 0.9145 455.50 900.00 15.00 14.00 -20.0060
5.0 0.9094 545.00 277.50 14.00 13.00 -20.0797
5.0 0.9089 633.50 900.00 15.00 14.00 -20.0207
5.0 0.9042 188.50 366.50 15.00 15.00 -20.0746
5.0 0.9041 188.50 544.50 15.00 15.00 -20.0358
5.0 0.9021 100.00 366.50 16.00 15.00 -20.0161
5.0 0.9013 723.00 277.50 14.00 13.00 -20.3527
5.0 0.9012 99.50 188.00 15.00 14.00 -20.0029
5.0 0.9005 544.50 900.00 15.00 14.00 -20.0143
5.0 0.9004 723.00 188.50 14.00 13.00 -20.2800
5.0 0.8994 100.50 633.50 15.00 15.00 -20.0027
5.0 0.8985 100.00 99.50 14.00 15.00 -20.0025
5.0 0.8980 811.50 277.50 15.00 13.00 -20.0290
5.0 0.8972 188.50 455.50 15.00 15.00 -20.0522
5.0 0.8972 100.50 455.50 15.00 15.00 -20.0041
5.0 0.8968 633.00 277.50 14.00 13.00 -20.4905
5.0 0.8951 722.50 900.00 15.00 14.00 -20.0220
5.0 0.8943 633.50 100.00 15.00 14.00 -20.0078
5.0 0.8934 812.00 188.50 14.00 13.00 -20.1823
5.0 0.8924 544.50 99.50 15.00 15.00 -20.0093
5.0 0.8920 100.00 278.00 14.00 14.00 -20.0037
5.0 0.8912 456.00 277.00 14.00 14.00 -20.0560
5.0 0.8902 722.50 367.00 15.00 14.00 -20.0055
5.0 0.8894 812.00 900.00 14.00 14.00 -20.0122
5.0 0.8892 545.00 188.50 14.00 15.00 -20.7779
5.0 0.8876 367.00 99.50 14.00 15.00 -20.0040
5.0 0.8874 189.00 100.00 14.00 14.00 -20.0155
5.0 0.8870 633.50 367.00 15.00 14.00 -20.0095
5.0 0.8867 811.50 811.00 15.00 14.00 -20.0262
5.0 0.8866 633.50 188.50 15.00 15.00 -20.0108
5.0 0.8861 188.50 188.50 15.00 15.00 -20.0106
5.0 0.8853 100.50 722.00 15.00 14.00 -20.0068
5.0 0.8848 367.00 366.00 14.00 14.00 -20.0009
5.0 0.8841 456.00 188.50 14.00 15.00 -20.0043
5.0 0.8837 367.00 188.00 14.00 14.00 -20.0029
5.0 0.8836 277.50 366.50 15.00 15.00 -20.0568
5.0 0.8826 278.00 100.00 14.00 14.00 -20.0042
5.0 0.8818 811.50 545.00 15.00 14.00 -20.0017
5.0 0.8788 100.00 811.00 14.00 14.00 -20.0067
5.0 0.8783 456.00 366.50 14.00 15.00 -20.0014
5.0 0.8783 900.50 811.00 15.00 14.00 -20.0027
5.0 0.8781 811.50 722.00 15.00 14.00 -20.0155
5.0 0.8777 900.50 900.00 15.00 14.00 -20.0099
5.0 0.8776 900.50 633.50 15.00 13.00 -20.0017
5.0 0.8765 366.50 900.00 15.00 14.00 -20.0056
5.0 0.8757 278.00 188.00 14.00 14.00 -20.0035
5.0 0.8757 189.00 722.00 14.00 14.00 -20.0271
5.0 0.8754 189.00 277.00 14.00 14.00 -20.0156
5.0 0.8749 900.50 189.00 15.00 14.00 -20.0021
5.0 0.8743 277.50 544.50 15.00 15.00 -20.0484
5.0 0.8736 900.50 100.00 15.00 14.00 -20.0062
5.0 0.8735 189.00 633.50 14.00 15.00 -20.0221
5.0 0.8729 100.50 899.50 15.00 15.00 -20.0034
5.0 0.8728 189.00 810.50 14.00 13.00 -20.0212
5.0 0.8721 278.00 277.50 14.00 13.00 -20.0050
5.0 0.8721 900.50 544.50 15.00 15.00 -20.0011
5.0 0.8719 900.50 278.00 15.00 14.00 -20.0022
5.0 0.8716 811.00 366.50 14.00 15.00 -20.0055
5.0 0.8713 634.00 722.00 14.00 14.00 -20.0118
5.0 0.8705 456.00 455.50 14.00 15.00 -20.0004
5.0 0.8689 278.00 810.50 14.00 13.00 -20.0218
5.0 0.8684 811.50 455.50 15.00 15.00 -20.0031
5.0 0.8678 723.00 811.00 14.00 14.00 -20.1032
5.0 0.8678 544.50 366.50 15.00 15.00 -20.0033
5.0 0.8669 278.00 722.00 14.00 14.00 -20.0450
5.0 0.8664 634.00 811.00 14.00 14.00 -20.0194
5.0 0.8660 278.00 900.00 14.00 14.00 -20.0246
5.0 0.8648 722.50 633.00 15.00 14.00 -20.0169
5.0 0.8640 811.50 633.50 15.00 13.00 -20.0032
5.0 0.8624 900.50 366.50 15.00 15.00 -20.0022
5.0 0.8609 456.00 811.00 14.00 14.00 -20.0074
5.0 0.8606 277.50 455.50 15.00 15.00 -20.0192
5.0 0.8586 900.50 455.00 15.00 14.00 -20.0015
5.0 0.8585 456.50 722.00 15.00 14.00 -20.0063
5.0 0.8565 367.00 277.00 14.00 14.00 -20.0030
5.0 0.8560 634.00 544.00 14.00 14.00 -20.0027
5.0 0.8560 723.00 722.00 14.00 14.00 -20.2472
5.0 0.8558 367.50 722.00 15.00 14.00 -20.0138
5.0 0.8558 545.00 811.00 14.00 14.00 -20.0090
5.0 0.8546 634.00 633.00 14.00 14.00 -20.0025
5.0 0.8539 278.00 633.00 14.00 14.00 -20.0026
5.0 0.8539 456.00 544.00 14.00 14.00 -20.0011
5.0 0.8528 189.00 900.00 14.00 14.00 -20.0257
5.0 0.8526 367.00 811.00 14.00 14.00 -20.0680
5.0 0.8506 367.00 455.00 14.00 14.00 -20.0012
5.0 0.8498 634.00 455.50 14.00 15.00 -20.0038
5.0 0.8485 545.00 544.50 14.00 15.00 -20.0016
5.0 0.8477 900.50 722.00 15.00 14.00 -20.0036
5.0 0.8460 367.00 633.00 14.00 14.00 -20.0085
5.0 0.8452 722.50 455.00 15.00 14.00 -20.0030
5.0 0.8448 456.00 633.00 14.00 14.00 -20.0029
5.0 0.8445 545.00 633.50 14.00 13.00 -20.0019
5.0 0.8424 544.50 455.00 15.00 14.00 -20.0020
5.0 0.8420 367.00 544.00 14.00 14.00 -20.0020
5.0 0.8418 722.50 544.50 15.00 15.00 -20.0050
5.0 0.8409 545.00 722.00 14.00 14.00 -20.0046
