2.0 0.9673 0.8794 0.5312 0.0205 0.0215 -49.9947
2.0 0.9657 0.8794 0.7051 0.0205 0.0215 -50.0048
2.0 0.9636 0.8794 0.1846 0.0205 0.0215 -49.9906
2.0 0.9615 0.8794 0.6177 0.0205 0.0205 -50.0060
2.0 0.9614 0.8794 0.3574 0.0205 0.0215 -50.0194
2.0 0.9611 0.8794 0.4443 0.0205 0.0215 -50.0374
2.0 0.9599 0.7925 0.8784 0.0205 0.0225 -49.9975
2.0 0.9590 0.8794 0.7915 0.0205 0.0225 -50.1011
2.0 0.9578 0.8794 0.8784 0.0205 0.0225 -50.0019
2.0 0.9573 0.8794 0.0977 0.0205 0.0215 -49.9842
2.0 0.9572 0.2715 0.8784 0.0215 0.0225 -50.0034
2.0 0.9560 0.6191 0.8784 0.0215 0.0225 -50.0025
2.0 0.9560 0.8794 0.2705 0.0205 0.0215 -49.9880
2.0 0.9537 0.7061 0.1846 0.0215 0.0215 -49.9861
2.0 0.9534 0.7056 0.8784 0.0205 0.0225 -49.9892
2.0 0.9533 0.3584 0.8784 0.0215 0.0225 -50.0044
2.0 0.9532 0.5322 0.8784 0.0215 0.0225 -50.0047
2.0 0.9531 0.3584 0.7920 0.0215 0.0215 -50.0268
2.0 0.9526 0.2715 0.7046 0.0215 0.0225 -50.0123
2.0 0.9520 0.7056 0.7041 0.0205 0.0215 -50.0187
2.0 0.9519 0.4453 0.7920 0.0215 0.0215 -50.2876
2.0 0.9517 0.2715 0.7920 0.0215 0.0215 -50.0487
2.0 0.9517 0.4453 0.8784 0.0215 0.0225 -50.0062
2.0 0.9511 0.7925 0.7041 0.0205 0.0215 -50.3993
2.0 0.9508 0.7925 0.7910 0.0205 0.0215 -50.1639
2.0 0.9505 0.7056 0.7920 0.0205 0.0215 -50.0185
2.0 0.9504 0.6191 0.1846 0.0215 0.0215 -50.0040
2.0 0.9502 0.4453 0.7046 0.0215 0.0205 -50.0137
2.0 0.9502 0.1851 0.1836 0.0225 0.0215 -50.0013
2.0 0.9481 0.6187 0.0977 0.0205 0.0215 -49.9926
2.0 0.9476 0.3584 0.7051 0.0215 0.0215 -50.0132
2.0 0.9470 0.5322 0.7920 0.0215 0.0215 -50.0317
2.0 0.9464 0.5322 0.7046 0.0215 0.0205 -50.0233
2.0 0.9455 0.7056 0.0977 0.0205 0.0215 -49.9803
2.0 0.9453 0.7925 0.0981 0.0205 0.0205 -49.9945
2.0 0.9446 0.1846 0.8784 0.0215 0.0225 -49.9893
2.0 0.9439 0.1846 0.3574 0.0215 0.0215 -50.0040
2.0 0.9438 0.2715 0.0977 0.0215 0.0215 -50.0064
2.0 0.9437 0.1851 0.7051 0.0205 0.0215 -50.0148
2.0 0.9433 0.6187 0.7046 0.0205 0.0205 -50.0238
2.0 0.9433 0.2715 0.1836 0.0215 0.0215 -50.0039
2.0 0.9432 0.0977 0.1836 0.0215 0.0215 -50.0084
2.0 0.9409 0.5322 0.1846 0.0215 0.0215 -49.9923
2.0 0.9408 0.1846 0.0967 0.0215 0.0215 -50.0076
2.0 0.9399 0.2715 0.4443 0.0215 0.0215 -50.0085
2.0 0.9398 0.7061 0.3584 0.0215 0.0215 -49.9836
2.0 0.9390 0.1846 0.2705 0.0215 0.0215 -50.0039
2.0 0.9386 0.0977 0.8784 0.0215 0.0225 -50.0075
2.0 0.9384 0.7925 0.4443 0.0205 0.0215 -50.1054
2.0 0.9373 0.7925 0.5312 0.0205 0.0215 -50.0331
2.0 0.9373 0.0977 0.3574 0.0215 0.0215 -50.0662
2.0 0.9371 0.2715 0.5312 0.0215 0.0215 -50.0048
2.0 0.9368 0.7930 0.1846 0.0215 0.0215 -49.9881
2.0 0.9361 0.2715 0.6182 0.0215 0.0215 -50.0234
2.0 0.9359 0.1846 0.4443 0.0215 0.0215 -50.0061
2.0 0.9357 0.2715 0.2705 0.0215 0.0215 -49.9809
2.0 0.9354 0.0981 0.2705 0.0205 0.0215 -50.0105
2.0 0.9354 0.0981 0.7051 0.0205 0.0215 -50.0482
2.0 0.9350 0.5322 0.0977 0.0215 0.0215 -49.9571
2.0 0.9345 0.6187 0.7915 0.0205 0.0205 -50.0833
2.0 0.9341 0.7925 0.6177 0.0205 0.0205 -50.0218
2.0 0.9341 0.2715 0.3574 0.0215 0.0215 -49.9899
2.0 0.9338 0.3584 0.3579 0.0215 0.0225 -50.0055
2.0 0.9338 0.3584 0.2705 0.0215 0.0215 -49.9708
2.0 0.9337 0.0977 0.0972 0.0215 0.0205 -50.0168
2.0 0.9337 0.7925 0.3574 0.0205 0.0215 -50.0790
2.0 0.9336 0.4453 0.1846 0.0215 0.0215 -49.9876
2.0 0.9328 0.3584 0.1846 0.0215 0.0215 -49.9900
2.0 0.9327 0.0977 0.5308 0.0215 0.0205 -50.0049
2.0 0.9327 0.5322 0.3584 0.0215 0.0215 -49.9828
2.0 0.9321 0.4453 0.0967 0.0215 0.0215 -50.0060
2.0 0.9316 0.4453 0.3574 0.0215 0.0215 -50.0182
2.0 0.9313 0.3584 0.4443 0.0215 0.0215 -49.9684
2.0 0.9295 0.7930 0.2705 0.0215 0.0215 -49.9861
2.0 0.9292 0.6191 0.3584 0.0215 0.0215 -49.9778
2.0 0.9291 0.3584 0.0972 0.0215 0.0225 -50.0064
2.0 0.9281 0.1851 0.7920 0.0205 0.0215 -50.0415
2.0 0.9277 0.4453 0.2710 0.0215 0.0205 -50.0037
2.0 0.9261 0.1846 0.5312 0.0215 0.0215 -50.0223
2.0 0.9258 0.0981 0.7920 0.0205 0.0215 -50.0792
2.0 0.9257 0.4453 0.4443 0.0215 0.0215 -50.0686
2.0 0.9228 0.3584 0.5312 0.0215 0.0215 -49.9837
2.0 0.9205 0.5327 0.2710 0.0205 0.0205 -50.0154
2.0 0.9205 0.1846 0.6182 0.0215 0.0215 -50.0260
2.0 0.9195 0.4453 0.5312 0.0215 0.0215 -50.0393
2.0 0.9169 0.0977 0.4443 0.0215 0.0215 -50.1015
2.0 0.9146 0.0981 0.6177 0.0205 0.0205 -50.0047
2.0 0.9137 0.7056 0.2715 0.0205 0.0215 -49.7842
2.0 0.9116 0.3584 0.6182 0.0215 0.0215 -49.9359
2.0 0.9116 0.6191 0.4448 0.0215 0.0225 -49.9828
2.0 0.9113 0.5322 0.4448 0.0215 0.0225 -49.9832
2.0 0.9107 0.6187 0.2715 0.0205 0.0215 -49.6379
2.0 0.9047 0.4453 0.6187 0.0215 0.0205 -50.1300
2.0 0.9024 0.7061 0.4453 0.0215 0.0215 -49.8414
2.0 0.9005 0.6187 0.5312 0.0205 0.0215 -50.0028
2.0 0.8977 0.5322 0.5312 0.0215 0.0215 -50.0758
2.0 0.8961 0.7056 0.6187 0.0205 0.0205 -50.0078
2.0 0.8954 0.5322 0.6182 0.0215 0.0215 -50.1248
2.0 0.8928 0.6191 0.6182 0.0195 0.0195 -50.0069
2.0 0.8854 0.7056 0.5312 0.0205 0.0215 -50.0072
