8.0 0.9840 0.7061 0.6177 0.0410 0.0420 10.0007
8.0 0.9836 0.7056 0.7915 0.0420 0.0420 10.0009
8.0 0.9832 0.5327 0.6177 0.0420 0.0420 10.0007
8.0 0.9828 0.2710 0.6182 0.0420 0.0410 9.9997
8.0 0.9825 0.7920 0.7925 0.0410 0.0420 10.0011
8.0 0.9825 0.8794 0.6177 0.0420 0.0420 10.0010
8.0 0.9824 0.2710 0.7920 0.0420 0.0410 9.9996
8.0 0.9824 0.4448 0.4443 0.0420 0.0410 10.0080
8.0 0.9821 0.6187 0.7920 0.0420 0.0410 10.0007
8.0 0.9819 0.2710 0.4443 0.0420 0.0410 10.0032
8.0 0.9815 0.4453 0.7920 0.0410 0.0410 10.0006
8.0 0.9814 0.3589 0.7915 0.0420 0.0420 10.0005
8.0 0.9814 0.0977 0.6182 0.0410 0.0410 10.0002
8.0 0.9813 0.7056 0.5312 0.0420 0.0410 10.0033
8.0 0.9812 0.8794 0.7915 0.0420 0.0420 10.0016
8.0 0.9812 0.0972 0.2710 0.0420 0.0400 10.0005
8.0 0.9808 0.0977 0.4448 0.0410 0.0400 10.0003
8.0 0.9806 0.8794 0.4443 0.0420 0.0410 10.0006
8.0 0.9806 0.7920 0.6191 0.0410 0.0410 10.0012
8.0 0.9805 0.1855 0.7915 0.0410 0.0420 10.0005
8.0 0.9803 0.3589 0.4448 0.0420 0.0420 10.0008
8.0 0.9802 0.3589 0.6182 0.0420 0.0410 9.9996
8.0 0.9802 0.6187 0.6182 0.0420 0.0410 10.0076
8.0 0.9797 0.5322 0.7915 0.0410 0.0420 10.0006
8.0 0.9797 0.2710 0.2710 0.0420 0.0420 10.0025
8.0 0.9796 0.6187 0.4443 0.0420 0.0410 10.0150
8.0 0.9795 0.0977 0.0977 0.0410 0.0410 10.0003
8.0 0.9795 0.4453 0.0977 0.0410 0.0410 10.0005
8.0 0.9795 0.7056 0.0977 0.0420 0.0410 10.0004
8.0 0.9795 0.0977 0.3574 0.0410 0.0410 10.0006
8.0 0.9795 0.7061 0.7046 0.0430 0.0420 10.0034
8.0 0.9794 0.5322 0.7046 0.0430 0.0420 10.0059
8.0 0.9794 0.4443 0.6182 0.0410 0.0410 10.0014
8.0 0.9791 0.5322 0.3574 0.0430 0.0410 10.0022
8.0 0.9790 0.7065 0.4443 0.0420 0.0410 10.0007
8.0 0.9789 0.5322 0.4443 0.0410 0.0410 10.0007
8.0 0.9788 0.7925 0.8789 0.0420 0.0410 10.0001
8.0 0.9788 0.7056 0.3574 0.0420 0.0410 10.0150
8.0 0.9786 0.8794 0.2710 0.0420 0.0420 10.0005
8.0 0.9786 0.8789 0.5312 0.0410 0.0410 10.0218
8.0 0.9786 0.0981 0.7920 0.0420 0.0410 10.0003
8.0 0.9781 0.1851 0.6182 0.0420 0.0410 10.0003
8.0 0.9780 0.7056 0.8784 0.0420 0.0420 10.0005
8.0 0.9780 0.7061 0.2710 0.0410 0.0420 10.0004
8.0 0.9776 0.1851 0.4443 0.0420 0.0410 10.0006
8.0 0.9775 0.6191 0.1841 0.0410 0.0420 10.0002
8.0 0.9773 0.7920 0.4443 0.0410 0.0410 10.0148
8.0 0.9773 0.7925 0.7051 0.0420 0.0410 10.0002
8.0 0.9772 0.3589 0.5312 0.0420 0.0410 10.0008
8.0 0.9770 0.2715 0.0977 0.0410 0.0410 10.0010
8.0 0.9769 0.8794 0.0972 0.0420 0.0420 10.0002
8.0 0.9769 0.5322 0.5308 0.0430 0.0420 10.0536
8.0 0.9767 0.8799 0.7036 0.0430 0.0420 10.0185
8.0 0.9765 0.5322 0.8784 0.0430 0.0420 10.0012
8.0 0.9763 0.5322 0.1846 0.0430 0.0410 10.0005
8.0 0.9763 0.6187 0.8789 0.0420 0.0410 10.0002
8.0 0.9761 0.1851 0.5312 0.0420 0.0410 10.0008
8.0 0.9760 0.6187 0.0977 0.0420 0.0410 10.0005
8.0 0.9759 0.5322 0.0972 0.0410 0.0420 10.0002
8.0 0.9759 0.7925 0.1846 0.0420 0.0410 10.0008
8.0 0.9758 0.7061 0.1841 0.0430 0.0420 10.0023
8.0 0.9755 0.8794 0.8784 0.0420 0.0420 10.0010
8.0 0.9755 0.3589 0.0977 0.0420 0.0410 9.9996
8.0 0.9753 0.3589 0.7051 0.0420 0.0410 10.0007
8.0 0.9753 0.5322 0.2710 0.0410 0.0420 10.0008
8.0 0.9752 0.3589 0.2710 0.0420 0.0420 10.0005
8.0 0.9752 0.4453 0.7046 0.0410 0.0420 10.0003
8.0 0.9752 0.0977 0.1846 0.0410 0.0410 10.0002
8.0 0.9751 0.7930 0.0972 0.0410 0.0420 9.9998
8.0 0.9748 0.1855 0.0972 0.0410 0.0420 9.9997
8.0 0.9744 0.2720 0.1841 0.0420 0.0420 10.0004
8.0 0.9743 0.0986 0.7051 0.0410 0.0410 10.0004
8.0 0.9742 0.3589 0.3584 0.0420 0.0410 10.0010
8.0 0.9742 0.4453 0.3574 0.0410 0.0410 10.0055
8.0 0.9740 0.4458 0.1841 0.0420 0.0420 10.0004
8.0 0.9738 0.1846 0.3579 0.0410 0.0400 10.0164
8.0 0.9735 0.8789 0.3584 0.0410 0.0410 10.0197
8.0 0.9733 0.3584 0.8789 0.0410 0.0410 10.0006
8.0 0.9732 0.4453 0.5312 0.0410 0.0410 10.0108
8.0 0.9731 0.6187 0.5312 0.0420 0.0410 10.0049
8.0 0.9726 0.0981 0.8789 0.0420 0.0410 10.0004
8.0 0.9726 0.0981 0.5312 0.0420 0.0410 10.0005
8.0 0.9725 0.2715 0.3579 0.0410 0.0420 10.0005
8.0 0.9718 0.1846 0.2710 0.0410 0.0420 10.0004
8.0 0.9717 0.1851 0.7051 0.0420 0.0410 10.0008
8.0 0.9712 0.7920 0.3579 0.0410 0.0400 10.0102
8.0 0.9712 0.2720 0.5312 0.0420 0.0410 10.0132
8.0 0.9711 0.1846 0.1846 0.0410 0.0410 10.0142
8.0 0.9710 0.1855 0.8784 0.0410 0.0420 10.0012
8.0 0.9708 0.4453 0.2705 0.0410 0.0410 10.0662
8.0 0.9708 0.7925 0.2710 0.0420 0.0420 10.0005
8.0 0.9706 0.6187 0.7046 0.0420 0.0420 10.0030
8.0 0.9705 0.3584 0.1846 0.0430 0.0410 10.0018
8.0 0.9704 0.2720 0.7051 0.0420 0.0410 10.0004
8.0 0.9692 0.6187 0.3579 0.0420 0.0400 10.0222
8.0 0.9691 0.4453 0.8789 0.0410 0.0410 10.0005
8.0 0.9687 0.7925 0.5312 0.0420 0.0410 10.0657
8.0 0.9677 0.8789 0.1846 0.0410 0.0410 10.0363
8.0 0.9666 0.6187 0.2710 0.0420 0.0420 10.0010
8.0 0.9614 0.2720 0.8789 0.0420 0.0410 10.0022
