9.0 0.9882 483.95 111.84 33.30 30.94 20.0000
9.0 0.9834 589.21 159.38 32.69 31.23 20.0000
9.0 0.9833 462.23 558.30 33.44 31.41 20.0000
0.0 0.9830 567.86 147.43 28.18 28.01 -69.9999
9.0 0.9813 335.75 153.44 32.86 31.40 20.0000
9.0 0.9805 144.88 417.64 33.18 31.23 20.0000
9.0 0.9804 332.59 534.81 32.92 31.16 20.0000
1.0 0.9768 158.15 462.06 22.31 22.19 -60.0024
7.0 0.9737 333.68 301.67 22.67 22.70 0.0174
1.0 0.9692 374.49 339.44 22.44 22.19 -60.0465
0.0 0.9678 280.96 184.92 27.61 27.75 -70.0000
7.0 0.9674 100.41 421.82 21.82 22.61 0.2554
3.0 0.9563 377.33 404.16 12.91 12.94 -40.0212
2.0 0.9555 540.33 225.35 17.33 17.49 -50.3601
7.0 0.9510 60.52 324.52 22.34 22.44 0.4043
5.0 0.9369 291.40 335.59 11.08 11.39 -19.9890
3.0 0.9313 188.79 176.80 13.11 13.01 -40.0004
3.0 0.9275 343.47 181.01 12.19 12.59 -40.0334
2.0 0.9251 592.76 234.16 17.40 17.38 -50.3488
2.0 0.9237 552.09 452.55 17.07 17.43 -50.0887
3.0 0.9233 432.89 216.63 12.75 12.93 -40.0016
5.0 0.9232 232.29 195.98 11.16 11.13 -19.8280
3.0 0.9219 54.61 550.07 8.39 8.86 -39.9838
2.0 0.9144 303.05 479.69 17.60 17.89 -50.1355
3.0 0.9093 482.82 402.16 12.44 12.88 -40.0865
4.0 0.8949 595.39 46.78 8.38 8.72 -30.4424
6.0 0.8908 455.35 235.83 17.45 17.36 -9.0663
5.0 0.8902 364.50 209.83 11.45 12.01 -19.5615
4.0 0.8859 169.75 42.32 8.91 8.88 -30.1386
2.0 0.8727 244.01 275.05 17.12 17.67 -51.6826
7.0 0.8721 308.85 125.54 17.33 17.60 -2.4471
4.0 0.8621 251.35 572.95 8.23 8.49 -30.1796
7.0 0.8590 500.71 304.21 17.06 17.56 -2.6760
6.0 0.8034 574.59 279.86 17.44 17.47 -7.1754
4.0 0.7826 508.48 188.06 8.53 8.56 -33.9169
4.0 0.7713 332.18 67.50 8.46 8.60 -34.6134
6.0 0.6751 308.94 125.58 17.59 17.76 -5.5290
6.0 0.6556 457.74 160.62 17.59 17.61 -6.3856
3.0 0.6424 331.95 67.17 8.89 9.52 -37.8605
7.0 0.5395 457.95 160.43 17.05 17.51 -4.7716
