9.0 0.9870 235.90 184.19 31.29 29.88 19.9999
9.0 0.9861 197.80 160.42 32.80 31.37 20.0000
9.0 0.9851 77.84 106.56 32.55 31.02 20.0000
7.0 0.9833 165.20 75.40 22.23 22.69 0.0116
9.0 0.9816 358.01 52.64 33.39 32.21 19.9994
7.0 0.9812 136.40 323.42 23.13 23.15 0.0054
8.0 0.9810 367.43 426.89 27.85 27.74 10.0003
9.0 0.9807 539.92 300.87 32.58 31.86 20.0000
9.0 0.9801 398.83 189.93 32.74 31.61 20.0000
0.0 0.9790 276.84 547.42 27.52 27.44 -69.9999
8.0 0.9777 481.65 586.79 27.91 28.36 10.0012
1.0 0.9776 65.23 355.49 22.59 22.60 -60.0015
1.0 0.9774 110.02 300.86 22.63 22.38 -60.0023
0.0 0.9773 244.90 37.33 27.06 27.50 -69.9999
7.0 0.9769 252.76 442.05 22.34 21.77 0.1613
1.0 0.9764 436.45 448.76 22.71 22.67 -60.0006
7.0 0.9762 43.49 557.41 22.19 22.29 0.0013
8.0 0.9760 77.24 312.58 27.18 28.06 10.0001
8.0 0.9759 341.17 189.88 27.82 28.16 10.0038
0.0 0.9757 448.92 182.09 27.79 27.53 -70.0000
8.0 0.9749 586.20 157.58 27.30 27.91 10.0615
7.0 0.9748 333.15 291.72 22.84 23.37 0.0711
0.0 0.9744 426.25 97.60 27.44 27.50 -70.0000
0.0 0.9741 572.95 199.38 27.66 27.31 -69.9999
9.0 0.9735 84.54 436.10 32.68 31.29 20.0000
1.0 0.9730 544.07 594.72 22.59 22.42 -60.0021
0.0 0.9725 346.39 584.31 27.52 27.68 -70.0000
1.0 0.9719 451.45 240.74 22.80 22.94 -59.9998
0.0 0.9719 442.47 526.20 27.60 27.64 -70.0000
0.0 0.9717 544.72 423.16 27.65 27.74 -69.9999
8.0 0.9712 556.40 77.92 27.14 26.90 10.0779
8.0 0.9700 97.34 280.88 27.68 28.07 10.0003
1.0 0.9698 546.93 494.45 22.80 22.50 -60.0061
0.0 0.9695 47.72 601.22 27.51 27.49 -70.0000
0.0 0.9690 46.53 220.00 27.64 27.57 -70.0000
0.0 0.9681 55.35 145.00 28.20 27.46 -70.0000
1.0 0.9675 193.78 215.10 22.62 22.90 -60.0035
1.0 0.9665 125.85 178.12 22.40 21.67 -60.0012
2.0 0.9658 370.25 468.56 16.96 17.16 -50.2608
1.0 0.9626 242.01 453.39 22.88 22.98 -60.0004
1.0 0.9617 77.08 151.06 22.46 22.37 -60.0015
0.0 0.9602 543.30 189.28 27.43 27.34 -69.9998
2.0 0.9601 497.10 411.63 16.94 16.89 -50.0163
6.0 0.9597 325.41 129.33 17.48 17.76 -9.9806
2.0 0.9579 110.72 66.07 18.01 17.82 -50.0590
6.0 0.9573 141.40 154.75 17.52 17.37 -9.9502
3.0 0.9545 242.26 89.75 12.36 12.65 -40.0165
7.0 0.9512 240.93 261.28 22.73 22.79 0.1037
0.0 0.9503 86.90 237.09 26.60 26.86 -69.9987
6.0 0.9501 599.72 597.48 17.40 17.68 -9.9842
7.0 0.9471 522.10 336.67 17.75 17.65 -0.5265
3.0 0.9454 229.44 376.76 12.98 12.98 -40.0004
3.0 0.9359 475.78 502.35 12.54 12.58 -40.0838
2.0 0.9340 236.83 118.03 17.29 17.38 -50.0710
6.0 0.9319 154.55 423.67 17.76 17.49 -9.6541
7.0 0.9316 533.07 508.55 26.81 25.54 0.6786
6.0 0.9287 181.75 246.66 17.09 17.72 -9.9919
3.0 0.9266 525.32 91.08 13.25 12.52 -40.0273
2.0 0.9258 591.40 492.93 17.68 17.88 -50.0061
5.0 0.9243 291.53 265.13 11.21 11.63 -19.7962
5.0 0.9186 339.32 57.28 12.09 11.72 -19.9747
7.0 0.9181 170.01 476.77 22.49 22.75 0.2524
5.0 0.9152 195.15 61.97 11.44 11.78 -19.8674
1.0 0.9149 134.70 174.16 24.17 25.12 -60.0214
7.0 0.9146 537.16 187.36 24.02 25.84 0.2579
2.0 0.9131 88.44 139.58 16.83 17.59 -50.0005
8.0 0.9122 529.37 518.19 28.95 29.35 10.5216
2.0 0.9108 237.78 536.79 17.58 17.75 -50.4356
5.0 0.9020 352.11 361.35 11.14 11.63 -19.9975
3.0 0.8995 348.89 252.55 12.74 12.93 -40.0224
3.0 0.8988 116.41 418.36 12.92 13.00 -40.0192
7.0 0.8984 507.14 319.31 17.57 17.31 -2.6563
5.0 0.8899 134.44 446.22 10.96 10.97 -19.9224
9.0 0.8894 154.73 141.78 32.83 31.87 19.9999
4.0 0.8803 288.27 386.80 8.49 8.79 -30.9735
4.0 0.8730 80.15 510.72 8.38 8.50 -30.4290
5.0 0.8706 180.11 103.18 10.76 11.04 -19.2289
6.0 0.8664 354.62 333.74 17.23 17.76 -9.1556
2.0 0.8656 316.29 206.63 17.44 17.29 -50.5151
5.0 0.8557 470.11 235.43 11.66 11.77 -19.8585
4.0 0.8513 324.07 244.99 8.49 8.43 -32.3044
3.0 0.8425 450.65 352.78 12.13 11.52 -40.0174
9.0 0.8420 174.26 459.85 29.71 27.49 19.7697
9.0 0.8407 545.34 505.57 41.44 32.63 19.9999
3.0 0.8403 238.25 196.19 12.55 12.17 -40.0122
6.0 0.8308 183.73 231.56 16.76 17.69 -9.9983
8.0 0.8282 533.14 508.26 25.12 23.86 6.7939
1.0 0.8236 451.18 346.62 17.72 18.81 -59.6246
7.0 0.8210 150.76 134.52 22.40 21.02 0.0178
6.0 0.8056 414.01 134.43 17.52 17.57 -7.3605
7.0 0.7990 185.33 459.73 21.56 23.08 0.1076
3.0 0.7611 513.84 379.18 8.81 8.98 -38.7068
4.0 0.7508 513.46 379.27 8.68 8.67 -33.9040
3.0 0.6725 444.66 224.99 9.03 8.83 -35.3528
4.0 0.6137 445.11 224.74 8.68 9.09 -33.8616
4.0 0.6137 254.17 46.20 8.75 8.55 -30.0224
8.0 0.5734 179.77 459.96 24.87 24.63 8.6788
6.0 0.5020 88.74 241.74 19.38 19.63 -7.2021
7.0 0.4479 526.53 504.69 17.25 20.28 0.6185
7.0 0.4078 505.54 315.18 9.70 33.32 -0.1599
