9.0 0.9870 377.00 295.00 50.00 48.00 19.9999
9.0 0.9861 316.50 257.00 53.00 50.00 20.0000
9.0 0.9851 125.00 170.50 52.00 49.00 20.0000
7.0 0.9833 264.50 120.50 35.00 37.00 0.0116
9.0 0.9816 573.00 84.00 54.00 52.00 19.9994
7.0 0.9812 218.50 517.50 37.00 37.00 0.0054
8.0 0.9810 588.00 683.00 44.00 44.00 10.0003
9.0 0.9807 864.00 481.50 52.00 51.00 20.0000
9.0 0.9801 638.00 304.00 52.00 50.00 20.0000
0.0 0.9790 443.00 876.00 44.00 44.00 -69.9999
8.0 0.9777 770.50 939.00 45.00 46.00 10.0012
1.0 0.9776 104.00 569.00 36.00 36.00 -60.0015
1.0 0.9774 176.00 481.00 36.00 36.00 -60.0023
0.0 0.9773 391.50 60.00 43.00 44.00 -69.9999
7.0 0.9769 404.50 707.50 35.00 35.00 0.1613
1.0 0.9764 698.00 718.00 36.00 36.00 -60.0006
7.0 0.9762 69.50 892.00 35.00 36.00 0.0013
8.0 0.9760 123.50 500.50 43.00 45.00 10.0001
8.0 0.9759 546.00 303.50 44.00 45.00 10.0038
0.0 0.9757 718.50 291.00 45.00 44.00 -70.0000
8.0 0.9749 938.00 252.00 44.00 44.00 10.0615
7.0 0.9748 533.00 466.50 36.00 37.00 0.0711
0.0 0.9744 682.00 156.00 44.00 44.00 -70.0000
0.0 0.9741 917.00 319.00 44.00 44.00 -69.9999
9.0 0.9735 135.00 698.00 52.00 50.00 20.0000
1.0 0.9730 870.50 951.50 37.00 35.00 -60.0021
0.0 0.9725 554.00 935.00 44.00 44.00 -70.0000
1.0 0.9719 722.50 385.50 37.00 37.00 -59.9998
0.0 0.9719 708.00 842.00 44.00 44.00 -70.0000
0.0 0.9717 871.50 677.00 45.00 44.00 -69.9999
8.0 0.9712 890.50 124.50 43.00 43.00 10.0779
8.0 0.9700 156.00 449.50 44.00 45.00 10.0003
1.0 0.9698 875.00 791.00 36.00 36.00 -60.0061
0.0 0.9695 76.00 962.00 44.00 44.00 -70.0000
0.0 0.9690 74.50 352.00 45.00 44.00 -70.0000
0.0 0.9681 88.50 232.00 45.00 44.00 -70.0000
1.0 0.9675 310.00 344.00 36.00 36.00 -60.0035
1.0 0.9665 201.00 285.00 36.00 34.00 -60.0012
2.0 0.9658 592.50 749.50 27.00 27.00 -50.2608
1.0 0.9626 387.50 725.50 37.00 37.00 -60.0004
1.0 0.9617 123.00 242.00 36.00 36.00 -60.0015
0.0 0.9602 869.00 303.00 44.00 44.00 -69.9998
2.0 0.9601 795.50 658.50 27.00 27.00 -50.0163
6.0 0.9597 521.00 207.00 28.00 28.00 -9.9806
2.0 0.9579 177.50 105.50 29.00 29.00 -50.0590
6.0 0.9573 226.00 248.00 28.00 28.00 -9.9502
3.0 0.9545 387.50 143.50 19.00 21.00 -40.0165
7.0 0.9512 385.50 418.00 37.00 36.00 0.1037
0.0 0.9503 139.00 379.50 42.00 43.00 -69.9987
6.0 0.9501 959.50 956.00 27.00 28.00 -9.9842
7.0 0.9471 835.50 539.00 29.00 28.00 -0.5265
3.0 0.9454 367.00 602.50 20.00 21.00 -40.0004
3.0 0.9359 761.00 804.00 20.00 20.00 -40.0838
2.0 0.9340 379.00 189.00 28.00 28.00 -50.0710
6.0 0.9319 247.00 678.00 28.00 28.00 -9.6541
7.0 0.9316 852.50 813.50 43.00 41.00 0.6786
6.0 0.9287 290.50 394.50 27.00 29.00 -9.9919
3.0 0.9266 840.50 146.00 21.00 20.00 -40.0273
2.0 0.9258 946.00 788.50 28.00 29.00 -50.0061
5.0 0.9243 466.00 424.50 18.00 19.00 -19.7962
5.0 0.9186 543.00 91.50 20.00 19.00 -19.9747
7.0 0.9181 272.00 763.00 36.00 36.00 0.2524
5.0 0.9152 312.00 99.50 18.00 19.00 -19.8674
1.0 0.9149 215.50 279.00 39.00 40.00 -60.0214
7.0 0.9146 859.50 299.50 39.00 41.00 0.2579
2.0 0.9131 141.50 223.00 27.00 28.00 -50.0005
8.0 0.9122 847.00 829.50 46.00 47.00 10.5216
2.0 0.9108 380.50 859.00 29.00 28.00 -50.4356
5.0 0.9020 563.00 578.00 18.00 18.00 -19.9975
3.0 0.8995 558.00 404.00 20.00 20.00 -40.0224
3.0 0.8988 186.50 669.50 21.00 21.00 -40.0192
7.0 0.8984 811.00 511.00 28.00 28.00 -2.6563
5.0 0.8899 215.00 714.00 18.00 18.00 -19.9224
9.0 0.8894 247.50 226.50 53.00 51.00 19.9999
4.0 0.8803 461.00 619.00 14.00 14.00 -30.9735
4.0 0.8730 128.50 817.00 13.00 14.00 -30.4290
5.0 0.8706 288.50 165.00 17.00 18.00 -19.2289
6.0 0.8664 567.50 534.00 27.00 28.00 -9.1556
2.0 0.8656 506.00 330.50 28.00 27.00 -50.5151
5.0 0.8557 752.00 376.50 18.00 19.00 -19.8585
4.0 0.8513 518.50 392.00 13.00 14.00 -32.3044
3.0 0.8425 721.00 564.50 20.00 19.00 -40.0174
9.0 0.8420 279.00 736.00 48.00 44.00 19.7697
9.0 0.8407 872.50 809.00 67.00 52.00 19.9999
3.0 0.8403 381.00 314.00 20.00 20.00 -40.0122
6.0 0.8308 294.00 370.50 26.00 29.00 -9.9983
8.0 0.8282 853.00 813.00 40.00 38.00 6.7939
1.0 0.8236 722.00 555.00 28.00 30.00 -59.6246
7.0 0.8210 241.00 215.00 36.00 34.00 0.0178
6.0 0.8056 662.00 215.00 28.00 28.00 -7.3605
7.0 0.7990 296.50 735.50 35.00 37.00 0.1076
3.0 0.7611 822.00 607.00 14.00 14.00 -38.7068
4.0 0.7508 821.50 607.00 13.00 14.00 -33.9040
3.0 0.6725 711.50 360.00 15.00 14.00 -35.3528
4.0 0.6137 712.00 359.50 14.00 15.00 -33.8616
4.0 0.6137 407.00 74.00 14.00 14.00 -30.0224
8.0 0.5734 288.00 736.00 40.00 40.00 8.6788
6.0 0.5020 141.50 386.50 31.00 31.00 -7.2021
7.0 0.4479 842.50 807.50 27.00 33.00 0.6185
7.0 0.4078 809.00 504.50 16.00 53.00 -0.1599
