7.0 0.9673 0.7925 0.8784 0.0264 0.0264 -0.2447
7.0 0.9649 0.7920 0.7920 0.0254 0.0254 -0.1063
7.0 0.9642 0.7920 0.7041 0.0254 0.0254 -0.1902
7.0 0.9618 0.7925 0.0977 0.0264 0.0254 -0.0554
7.0 0.9594 0.6191 0.0977 0.0254 0.0254 -0.0939
7.0 0.9590 0.2715 0.0977 0.0254 0.0254 -0.0585
7.0 0.9587 0.4453 0.0977 0.0254 0.0254 -0.1127
7.0 0.9586 0.7061 0.0977 0.0254 0.0254 -0.3373
7.0 0.9579 0.6191 0.3574 0.0254 0.0254 -0.0450
7.0 0.9579 0.6191 0.2705 0.0254 0.0254 -0.0356
7.0 0.9576 0.8794 0.7920 0.0244 0.0254 -0.1414
7.0 0.9569 0.5322 0.0977 0.0254 0.0254 -0.1834
7.0 0.9556 0.3584 0.0977 0.0254 0.0254 -0.3157
7.0 0.9553 0.8789 0.0977 0.0254 0.0254 -0.1873
7.0 0.9548 0.5322 0.8789 0.0254 0.0254 -0.5304
7.0 0.9546 0.0977 0.7920 0.0254 0.0254 -0.0148
7.0 0.9544 0.7056 0.7041 0.0244 0.0254 -0.9821
7.0 0.9534 0.3584 0.1841 0.0254 0.0264 -0.1470
7.0 0.9532 0.4453 0.7920 0.0254 0.0254 -1.0954
7.0 0.9532 0.6187 0.8784 0.0244 0.0244 -1.2816
7.0 0.9521 0.4453 0.8784 0.0254 0.0244 -0.7726
7.0 0.9513 0.6191 0.4443 0.0254 0.0254 -0.0534
7.0 0.9512 0.5322 0.3574 0.0254 0.0254 -0.0648
7.0 0.9510 0.6191 0.1846 0.0254 0.0254 -0.0334
7.0 0.9510 0.4453 0.2715 0.0254 0.0254 -0.0350
7.0 0.9506 0.6191 0.6182 0.0254 0.0254 -1.0843
7.0 0.9506 0.7061 0.3579 0.0254 0.0244 -0.1693
7.0 0.9506 0.2715 0.2715 0.0254 0.0254 -0.0135
7.0 0.9501 0.7925 0.3579 0.0264 0.0264 -0.4012
7.0 0.9499 0.4453 0.1846 0.0254 0.0254 -0.1915
7.0 0.9496 0.0986 0.1836 0.0254 0.0254 -0.2494
7.0 0.9492 0.6191 0.7920 0.0254 0.0254 -1.3759
7.0 0.9490 0.7056 0.7915 0.0244 0.0244 -0.9742
7.0 0.9490 0.2715 0.1846 0.0254 0.0254 -0.0162
7.0 0.9489 0.0977 0.7051 0.0254 0.0254 -0.5957
7.0 0.9487 0.7056 0.8789 0.0244 0.0254 -1.4274
7.0 0.9476 0.2715 0.8784 0.0254 0.0244 -0.5518
7.0 0.9473 0.4453 0.4443 0.0254 0.0254 -0.0281
7.0 0.9470 0.6191 0.5317 0.0254 0.0244 -0.0542
7.0 0.9468 0.8794 0.3579 0.0264 0.0264 -0.3073
7.0 0.9465 0.1846 0.0977 0.0254 0.0254 -0.3586
7.0 0.9464 0.0981 0.2710 0.0264 0.0264 -0.0668
7.0 0.9463 0.3584 0.3579 0.0254 0.0264 -0.1124
7.0 0.9462 0.0977 0.0977 0.0254 0.0254 -0.0417
7.0 0.9456 0.6187 0.7041 0.0244 0.0254 -1.0550
7.0 0.9453 0.2715 0.6182 0.0254 0.0254 -0.4542
7.0 0.9450 0.3584 0.4448 0.0254 0.0264 -0.1549
7.0 0.9448 0.4453 0.3574 0.0254 0.0254 -0.1465
7.0 0.9440 0.4453 0.7051 0.0254 0.0254 -0.9660
7.0 0.9436 0.3584 0.6182 0.0254 0.0254 -0.6159
7.0 0.9433 0.0977 0.6182 0.0254 0.0254 -1.1772
7.0 0.9431 0.3584 0.7051 0.0254 0.0254 -0.5558
7.0 0.9428 0.1851 0.2710 0.0244 0.0264 -0.1789
7.0 0.9427 0.5322 0.1846 0.0254 0.0254 -0.1132
7.0 0.9425 0.0977 0.3574 0.0254 0.0254 -0.0533
7.0 0.9415 0.1846 0.1846 0.0254 0.0254 -0.0325
7.0 0.9413 0.4453 0.5317 0.0254 0.0244 -0.2266
7.0 0.9385 0.7061 0.1846 0.0254 0.0254 -0.5578
7.0 0.9381 0.5317 0.5317 0.0244 0.0244 -0.2891
7.0 0.9379 0.2715 0.3574 0.0254 0.0254 -0.1742
7.0 0.9376 0.8789 0.2710 0.0254 0.0264 -0.5330
7.0 0.9368 0.5322 0.2710 0.0254 0.0264 -0.4405
7.0 0.9362 0.5322 0.7920 0.0254 0.0254 -1.8304
7.0 0.9351 0.2720 0.7920 0.0264 0.0254 -2.1125
7.0 0.9340 0.2715 0.5312 0.0254 0.0254 -0.3929
7.0 0.9334 0.1846 0.3579 0.0254 0.0264 -0.1394
7.0 0.9329 0.0977 0.5317 0.0254 0.0244 -0.5781
7.0 0.9314 0.3584 0.5317 0.0254 0.0244 -0.1684
7.0 0.9299 0.5317 0.7051 0.0244 0.0254 -1.6442
7.0 0.9296 0.1846 0.7051 0.0254 0.0254 -1.3350
7.0 0.9295 0.2715 0.4448 0.0254 0.0264 -0.5717
7.0 0.9291 0.7061 0.2710 0.0254 0.0264 -0.6414
7.0 0.9281 0.2715 0.7041 0.0254 0.0254 -1.0003
7.0 0.9267 0.1846 0.5317 0.0254 0.0244 -0.2648
7.0 0.9265 0.8794 0.1841 0.0244 0.0244 -0.5849
7.0 0.9264 0.4453 0.6182 0.0254 0.0254 -1.8613
7.0 0.9257 0.7925 0.1846 0.0264 0.0254 -0.6746
7.0 0.9234 0.3584 0.7920 0.0254 0.0254 -2.2294
7.0 0.9229 0.5322 0.4443 0.0254 0.0254 -1.6599
7.0 0.9206 0.7925 0.2715 0.0264 0.0254 -0.5459
7.0 0.9179 0.8794 0.7051 0.0244 0.0254 -0.8222
7.0 0.9174 0.0977 0.4448 0.0254 0.0264 -0.9701
7.0 0.9165 0.3584 0.8789 0.0254 0.0254 -1.8191
7.0 0.9051 0.7920 0.4448 0.0254 0.0264 -0.5139
7.0 0.9027 0.5322 0.6182 0.0254 0.0254 -2.8465
7.0 0.9003 0.8799 0.8789 0.0254 0.0254 -1.1390
7.0 0.8961 0.3584 0.2715 0.0254 0.0254 -1.5755
7.0 0.8918 0.1846 0.4448 0.0254 0.0264 -1.1648
7.0 0.8817 0.7061 0.4443 0.0254 0.0254 -3.0495
6.0 0.8785 0.8789 0.6187 0.0254 0.0244 -7.8679
7.0 0.8774 0.7920 0.5317 0.0254 0.0244 -2.1590
7.0 0.8755 0.0977 0.8784 0.0254 0.0244 -2.2198
7.0 0.8700 0.1846 0.7920 0.0254 0.0254 -3.2011
6.0 0.8190 0.8789 0.4453 0.0254 0.0254 -7.7835
7.0 0.7926 0.7920 0.6182 0.0254 0.0254 -4.1342
6.0 0.7830 0.1846 0.8789 0.0254 0.0254 -6.6569
7.0 0.7646 0.7061 0.6182 0.0254 0.0254 -4.4062
7.0 0.7335 0.8789 0.6182 0.0254 0.0254 -3.2798
6.0 0.7272 0.8794 0.5317 0.0244 0.0244 -6.5330
6.0 0.6553 0.1846 0.6182 0.0254 0.0254 -5.1747
7.0 0.6476 0.1846 0.8789 0.0254 0.0254 -4.7792
7.0 0.6381 0.8794 0.5312 0.0244 0.0254 -3.3614
6.0 0.6235 0.7056 0.5317 0.0244 0.0244 -5.2061
7.0 0.5867 0.1851 0.6177 0.0244 0.0264 -4.4968
7.0 0.5697 0.7051 0.5312 0.0254 0.0234 -1.5382
7.0 0.5696 0.8794 0.4448 0.0264 0.0264 -3.9806
6.0 0.5538 0.7920 0.6182 0.0254 0.0254 -5.3382
