5.0 0.9251 0.4453 0.0977 0.0137 0.0137 -20.1338
5.0 0.9206 0.7925 0.0972 0.0146 0.0146 -20.0157
5.0 0.9175 0.7061 0.0977 0.0137 0.0137 -20.5455
5.0 0.9154 0.0977 0.5317 0.0156 0.0146 -20.0038
5.0 0.9145 0.4448 0.8789 0.0146 0.0137 -20.0060
5.0 0.9094 0.5322 0.2710 0.0137 0.0127 -20.0797
5.0 0.9089 0.6187 0.8789 0.0146 0.0137 -20.0207
5.0 0.9042 0.1841 0.3579 0.0146 0.0146 -20.0746
5.0 0.9041 0.1841 0.5317 0.0146 0.0146 -20.0358
5.0 0.9021 0.0977 0.3579 0.0156 0.0146 -20.0161
5.0 0.9013 0.7061 0.2710 0.0137 0.0127 -20.3527
5.0 0.9012 0.0972 0.1836 0.0146 0.0137 -20.0029
5.0 0.9005 0.5317 0.8789 0.0146 0.0137 -20.0143
5.0 0.9004 0.7061 0.1841 0.0137 0.0127 -20.2800
5.0 0.8994 0.0981 0.6187 0.0146 0.0146 -20.0027
5.0 0.8985 0.0977 0.0972 0.0137 0.0146 -20.0025
5.0 0.8980 0.7925 0.2710 0.0146 0.0127 -20.0290
5.0 0.8972 0.1841 0.4448 0.0146 0.0146 -20.0522
5.0 0.8972 0.0981 0.4448 0.0146 0.0146 -20.0041
5.0 0.8968 0.6182 0.2710 0.0137 0.0127 -20.4905
5.0 0.8951 0.7056 0.8789 0.0146 0.0137 -20.0220
5.0 0.8943 0.6187 0.0977 0.0146 0.0137 -20.0078
5.0 0.8934 0.7930 0.1841 0.0137 0.0127 -20.1823
5.0 0.8924 0.5317 0.0972 0.0146 0.0146 -20.0093
5.0 0.8920 0.0977 0.2715 0.0137 0.0137 -20.0037
5.0 0.8912 0.4453 0.2705 0.0137 0.0137 -20.0560
5.0 0.8902 0.7056 0.3584 0.0146 0.0137 -20.0055
5.0 0.8894 0.7930 0.8789 0.0137 0.0137 -20.0122
5.0 0.8892 0.5322 0.1841 0.0137 0.0146 -20.7779
5.0 0.8876 0.3584 0.0972 0.0137 0.0146 -20.0040
5.0 0.8874 0.1846 0.0977 0.0137 0.0137 -20.0155
5.0 0.8870 0.6187 0.3584 0.0146 0.0137 -20.0095
5.0 0.8867 0.7925 0.7920 0.0146 0.0137 -20.0262
5.0 0.8866 0.6187 0.1841 0.0146 0.0146 -20.0108
5.0 0.8861 0.1841 0.1841 0.0146 0.0146 -20.0106
5.0 0.8853 0.0981 0.7051 0.0146 0.0137 -20.0068
5.0 0.8848 0.3584 0.3574 0.0137 0.0137 -20.0009
5.0 0.8841 0.4453 0.1841 0.0137 0.0146 -20.0043
5.0 0.8837 0.3584 0.1836 0.0137 0.0137 -20.0029
5.0 0.8836 0.2710 0.3579 0.0146 0.0146 -20.0568
5.0 0.8826 0.2715 0.0977 0.0137 0.0137 -20.0042
5.0 0.8818 0.7925 0.5322 0.0146 0.0137 -20.0017
5.0 0.8788 0.0977 0.7920 0.0137 0.0137 -20.0067
5.0 0.8783 0.4453 0.3579 0.0137 0.0146 -20.0014
5.0 0.8783 0.8794 0.7920 0.0146 0.0137 -20.0027
5.0 0.8781 0.7925 0.7051 0.0146 0.0137 -20.0155
5.0 0.8777 0.8794 0.8789 0.0146 0.0137 -20.0099
5.0 0.8776 0.8794 0.6187 0.0146 0.0127 -20.0017
5.0 0.8765 0.3579 0.8789 0.0146 0.0137 -20.0056
5.0 0.8757 0.2715 0.1836 0.0137 0.0137 -20.0035
5.0 0.8757 0.1846 0.7051 0.0137 0.0137 -20.0271
5.0 0.8754 0.1846 0.2705 0.0137 0.0137 -20.0156
5.0 0.8749 0.8794 0.1846 0.0146 0.0137 -20.0021
5.0 0.8743 0.2710 0.5317 0.0146 0.0146 -20.0484
5.0 0.8736 0.8794 0.0977 0.0146 0.0137 -20.0062
5.0 0.8735 0.1846 0.6187 0.0137 0.0146 -20.0221
5.0 0.8729 0.0981 0.8784 0.0146 0.0146 -20.0034
5.0 0.8728 0.1846 0.7915 0.0137 0.0127 -20.0212
5.0 0.8721 0.2715 0.2710 0.0137 0.0127 -20.0050
5.0 0.8721 0.8794 0.5317 0.0146 0.0146 -20.0011
5.0 0.8719 0.8794 0.2715 0.0146 0.0137 -20.0022
5.0 0.8716 0.7920 0.3579 0.0137 0.0146 -20.0055
5.0 0.8713 0.6191 0.7051 0.0137 0.0137 -20.0118
5.0 0.8705 0.4453 0.4448 0.0137 0.0146 -20.0004
5.0 0.8689 0.2715 0.7915 0.0137 0.0127 -20.0218
5.0 0.8684 0.7925 0.4448 0.0146 0.0146 -20.0031
5.0 0.8678 0.7061 0.7920 0.0137 0.0137 -20.1032
5.0 0.8678 0.5317 0.3579 0.0146 0.0146 -20.0033
5.0 0.8669 0.2715 0.7051 0.0137 0.0137 -20.0450
5.0 0.8664 0.6191 0.7920 0.0137 0.0137 -20.0194
5.0 0.8660 0.2715 0.8789 0.0137 0.0137 -20.0246
5.0 0.8648 0.7056 0.6182 0.0146 0.0137 -20.0169
5.0 0.8640 0.7925 0.6187 0.0146 0.0127 -20.0032
5.0 0.8624 0.8794 0.3579 0.0146 0.0146 -20.0022
5.0 0.8609 0.4453 0.7920 0.0137 0.0137 -20.0074
5.0 0.8606 0.2710 0.4448 0.0146 0.0146 -20.0192
5.0 0.8586 0.8794 0.4443 0.0146 0.0137 -20.0015
5.0 0.8585 0.4458 0.7051 0.0146 0.0137 -20.0063
5.0 0.8565 0.3584 0.2705 0.0137 0.0137 -20.0030
5.0 0.8560 0.6191 0.5312 0.0137 0.0137 -20.0027
5.0 0.8560 0.7061 0.7051 0.0137 0.0137 -20.2472
5.0 0.8558 0.3589 0.7051 0.0146 0.0137 -20.0138
5.0 0.8558 0.5322 0.7920 0.0137 0.0137 -20.0090
5.0 0.8546 0.6191 0.6182 0.0137 0.0137 -20.0025
5.0 0.8539 0.2715 0.6182 0.0137 0.0137 -20.0026
5.0 0.8539 0.4453 0.5312 0.0137 0.0137 -20.0011
5.0 0.8528 0.1846 0.8789 0.0137 0.0137 -20.0257
5.0 0.8526 0.3584 0.7920 0.0137 0.0137 -20.0680
5.0 0.8506 0.3584 0.4443 0.0137 0.0137 -20.0012
5.0 0.8498 0.6191 0.4448 0.0137 0.0146 -20.0038
5.0 0.8485 0.5322 0.5317 0.0137 0.0146 -20.0016
5.0 0.8477 0.8794 0.7051 0.0146 0.0137 -20.0036
5.0 0.8460 0.3584 0.6182 0.0137 0.0137 -20.0085
5.0 0.8452 0.7056 0.4443 0.0146 0.0137 -20.0030
5.0 0.8448 0.4453 0.6182 0.0137 0.0137 -20.0029
5.0 0.8445 0.5322 0.6187 0.0137 0.0127 -20.0019
5.0 0.8424 0.5317 0.4443 0.0146 0.0137 -20.0020
5.0 0.8420 0.3584 0.5312 0.0137 0.0137 -20.0020
5.0 0.8418 0.7056 0.5317 0.0146 0.0146 -20.0050
5.0 0.8409 0.5322 0.7051 0.0137 0.0137 -20.0046
