2.0 0.9385 0.6191 0.0977 0.0176 0.0176 -50.0439
2.0 0.9340 0.6187 0.8784 0.0186 0.0186 -49.9571
2.0 0.9315 0.3584 0.7046 0.0176 0.0186 -50.0435
2.0 0.9255 0.1846 0.7051 0.0176 0.0176 -49.9720
2.0 0.9223 0.3589 0.8784 0.0186 0.0186 -49.8787
2.0 0.9194 0.5322 0.8784 0.0176 0.0186 -49.9182
2.0 0.9190 0.7056 0.2705 0.0186 0.0176 -50.1128
2.0 0.9186 0.1851 0.1836 0.0166 0.0176 -50.0642
2.0 0.9172 0.1846 0.5312 0.0176 0.0176 -50.0553
2.0 0.9164 0.1851 0.0967 0.0166 0.0176 -50.2259
2.0 0.9159 0.1846 0.8789 0.0176 0.0176 -49.9695
2.0 0.9141 0.7061 0.1846 0.0176 0.0176 -50.1533
2.0 0.9130 0.5322 0.7046 0.0176 0.0186 -50.0710
2.0 0.9119 0.7056 0.7915 0.0186 0.0186 -50.1022
2.0 0.9110 0.2715 0.7046 0.0176 0.0186 -50.0827
2.0 0.9097 0.2720 0.7920 0.0166 0.0176 -50.0606
2.0 0.9092 0.0981 0.1841 0.0166 0.0166 -49.8740
2.0 0.9081 0.3584 0.7915 0.0176 0.0186 -49.8952
2.0 0.9073 0.1846 0.4443 0.0176 0.0176 -49.6009
2.0 0.9057 0.7056 0.5317 0.0166 0.0166 -50.0403
2.0 0.9057 0.1851 0.7915 0.0166 0.0166 -49.9483
2.0 0.9045 0.0981 0.7041 0.0166 0.0176 -49.9022
2.0 0.9034 0.0981 0.7915 0.0166 0.0166 -49.8504
2.0 0.9029 0.7061 0.4443 0.0176 0.0176 -50.0559
2.0 0.9027 0.3589 0.0972 0.0166 0.0166 -50.3531
2.0 0.9027 0.2720 0.0972 0.0166 0.0166 -50.2426
2.0 0.9014 0.7051 0.7046 0.0176 0.0186 -50.1561
2.0 0.8996 0.3589 0.1841 0.0166 0.0166 -50.2798
2.0 0.8976 0.4453 0.7041 0.0176 0.0176 -50.0632
2.0 0.8957 0.7920 0.7051 0.0176 0.0176 -50.0916
2.0 0.8947 0.1851 0.2705 0.0166 0.0176 -50.3338
2.0 0.8942 0.2715 0.8789 0.0176 0.0176 -49.6647
2.0 0.8938 0.8794 0.7051 0.0166 0.0176 -49.8232
2.0 0.8934 0.1846 0.6182 0.0176 0.0176 -50.2557
2.0 0.8932 0.2720 0.1836 0.0166 0.0176 -49.0788
2.0 0.8932 0.3589 0.3574 0.0166 0.0176 -50.2577
2.0 0.8924 0.6187 0.5312 0.0166 0.0176 -50.0450
2.0 0.8919 0.7056 0.3574 0.0186 0.0176 -50.1957
2.0 0.8918 0.4453 0.8784 0.0176 0.0186 -49.7648
2.0 0.8909 0.3589 0.5312 0.0166 0.0176 -50.3042
2.0 0.8908 0.8789 0.1836 0.0176 0.0176 -49.8883
2.0 0.8904 0.6191 0.1846 0.0176 0.0176 -49.6321
2.0 0.8901 0.8789 0.7910 0.0176 0.0176 -49.7731
2.0 0.8894 0.2715 0.5312 0.0176 0.0176 -50.1359
2.0 0.8870 0.3589 0.2705 0.0166 0.0176 -50.7839
2.0 0.8869 0.2715 0.6182 0.0176 0.0176 -50.3495
2.0 0.8853 0.4458 0.3574 0.0166 0.0176 -50.1250
2.0 0.8838 0.0981 0.8784 0.0166 0.0166 -48.8082
2.0 0.8813 0.7920 0.1836 0.0176 0.0176 -50.2881
2.0 0.8803 0.7051 0.6182 0.0176 0.0176 -50.2112
2.0 0.8795 0.1851 0.3574 0.0166 0.0176 -48.5825
2.0 0.8779 0.5322 0.1841 0.0176 0.0166 -49.4879
2.0 0.8763 0.3584 0.4443 0.0176 0.0176 -50.3635
2.0 0.8749 0.4453 0.4443 0.0176 0.0176 -50.1907
2.0 0.8736 0.0986 0.4438 0.0176 0.0166 -49.5220
2.0 0.8734 0.5317 0.5312 0.0166 0.0176 -50.0937
2.0 0.8732 0.7925 0.5312 0.0166 0.0176 -50.0652
2.0 0.8717 0.0981 0.0967 0.0166 0.0176 -50.4352
2.0 0.8712 0.7925 0.6182 0.0166 0.0176 -50.0876
2.0 0.8712 0.6187 0.7915 0.0166 0.0186 -50.1247
2.0 0.8699 0.7056 0.8784 0.0166 0.0186 -49.7188
2.0 0.8687 0.7920 0.8784 0.0176 0.0186 -49.4837
2.0 0.8653 0.0986 0.3574 0.0176 0.0176 -49.5617
2.0 0.8633 0.7920 0.7920 0.0176 0.0176 -50.1412
2.0 0.8627 0.2720 0.4448 0.0166 0.0166 -50.3180
2.0 0.8613 0.7051 0.0972 0.0176 0.0186 -50.2784
2.0 0.8590 0.0977 0.6182 0.0176 0.0176 -49.5225
2.0 0.8588 0.5327 0.4438 0.0166 0.0166 -49.6089
2.0 0.8573 0.5322 0.3574 0.0176 0.0176 -49.8346
2.0 0.8563 0.5322 0.0967 0.0176 0.0176 -50.3318
2.0 0.8543 0.0986 0.5312 0.0176 0.0176 -49.6935
2.0 0.8534 0.3584 0.6182 0.0176 0.0176 -50.5304
2.0 0.8532 0.6187 0.4443 0.0166 0.0176 -49.8220
2.0 0.8513 0.5317 0.7915 0.0166 0.0186 -49.7890
2.0 0.8508 0.4448 0.6177 0.0166 0.0166 -50.1352
2.0 0.8504 0.6187 0.3574 0.0166 0.0176 -50.2751
2.0 0.8463 0.4453 0.2705 0.0176 0.0176 -49.6908
2.0 0.8439 0.4453 0.7920 0.0176 0.0176 -49.7322
2.0 0.8412 0.7925 0.4438 0.0166 0.0166 -49.7148
2.0 0.8404 0.2720 0.3574 0.0166 0.0176 -50.6300
2.0 0.8399 0.4453 0.5312 0.0176 0.0176 -49.7564
2.0 0.8359 0.5317 0.6182 0.0166 0.0176 -50.3510
2.0 0.8346 0.8789 0.8779 0.0176 0.0176 -48.9186
2.0 0.8305 0.6187 0.6182 0.0166 0.0176 -51.0093
2.0 0.8270 0.6191 0.2705 0.0176 0.0176 -50.3265
2.0 0.8228 0.8789 0.0967 0.0176 0.0176 -50.4915
2.0 0.8204 0.6187 0.7046 0.0186 0.0186 -50.4188
2.0 0.8173 0.8799 0.5312 0.0176 0.0176 -49.4683
2.0 0.8010 0.4453 0.0967 0.0176 0.0176 -48.9815
2.0 0.7989 0.2720 0.2705 0.0166 0.0176 -49.1321
2.0 0.7954 0.7920 0.0967 0.0176 0.0176 -50.4814
2.0 0.7870 0.7920 0.3574 0.0176 0.0176 -50.3755
2.0 0.7861 0.8794 0.4443 0.0166 0.0176 -49.0887
2.0 0.7770 0.8789 0.6182 0.0176 0.0176 -49.2202
2.0 0.7750 0.5322 0.2705 0.0176 0.0176 -50.4142
2.0 0.7425 0.8789 0.3579 0.0176 0.0166 -48.5500
2.0 0.7155 0.4453 0.1836 0.0176 0.0176 -48.1925
2.0 0.6504 0.7920 0.2705 0.0176 0.0176 -48.9814
2.0 0.6062 0.0981 0.2705 0.0166 0.0176 -47.5445
3.0 0.4871 0.2720 0.1841 0.0166 0.0166 -42.9384
2.0 0.4382 0.8789 0.2705 0.0176 0.0176 -47.8316
