2.0 0.9673 900.50 544.00 21.00 22.00 -49.9947
2.0 0.9657 900.50 722.00 21.00 22.00 -50.0048
2.0 0.9636 900.50 189.00 21.00 22.00 -49.9906
2.0 0.9615 900.50 632.50 21.00 21.00 -50.0060
2.0 0.9614 900.50 366.00 21.00 22.00 -50.0194
2.0 0.9611 900.50 455.00 21.00 22.00 -50.0374
2.0 0.9599 811.50 899.50 21.00 23.00 -49.9975
2.0 0.9590 900.50 810.50 21.00 23.00 -50.1011
2.0 0.9578 900.50 899.50 21.00 23.00 -50.0019
2.0 0.9573 900.50 100.00 21.00 22.00 -49.9842
2.0 0.9572 278.00 899.50 22.00 23.00 -50.0034
2.0 0.9560 634.00 899.50 22.00 23.00 -50.0025
2.0 0.9560 900.50 277.00 21.00 22.00 -49.9880
2.0 0.9537 723.00 189.00 22.00 22.00 -49.9861
2.0 0.9534 722.50 899.50 21.00 23.00 -49.9892
2.0 0.9533 367.00 899.50 22.00 23.00 -50.0044
2.0 0.9532 545.00 899.50 22.00 23.00 -50.0047
2.0 0.9531 367.00 811.00 22.00 22.00 -50.0268
2.0 0.9526 278.00 721.50 22.00 23.00 -50.0123
2.0 0.9520 722.50 721.00 21.00 22.00 -50.0187
2.0 0.9519 456.00 811.00 22.00 22.00 -50.2876
2.0 0.9517 278.00 811.00 22.00 22.00 -50.0487
2.0 0.9517 456.00 899.50 22.00 23.00 -50.0062
2.0 0.9511 811.50 721.00 21.00 22.00 -50.3993
2.0 0.9508 811.50 810.00 21.00 22.00 -50.1639
2.0 0.9505 722.50 811.00 21.00 22.00 -50.0185
2.0 0.9504 634.00 189.00 22.00 22.00 -50.0040
2.0 0.9502 456.00 721.50 22.00 21.00 -50.0137
2.0 0.9502 189.50 188.00 23.00 22.00 -50.0013
2.0 0.9481 633.50 100.00 21.00 22.00 -49.9926
2.0 0.9476 367.00 722.00 22.00 22.00 -50.0132
2.0 0.9470 545.00 811.00 22.00 22.00 -50.0317
2.0 0.9464 545.00 721.50 22.00 21.00 -50.0233
2.0 0.9455 722.50 100.00 21.00 22.00 -49.9803
2.0 0.9453 811.50 100.50 21.00 21.00 -49.9945
2.0 0.9446 189.00 899.50 22.00 23.00 -49.9893
2.0 0.9439 189.00 366.00 22.00 22.00 -50.0040
2.0 0.9438 278.00 100.00 22.00 22.00 -50.0064
2.0 0.9437 189.50 722.00 21.00 22.00 -50.0148
2.0 0.9433 633.50 721.50 21.00 21.00 -50.0238
2.0 0.9433 278.00 188.00 22.00 22.00 -50.0039
2.0 0.9432 100.00 188.00 22.00 22.00 -50.0084
2.0 0.9409 545.00 189.00 22.00 22.00 -49.9923
2.0 0.9408 189.00 99.00 22.00 22.00 -50.0076
2.0 0.9399 278.00 455.00 22.00 22.00 -50.0085
2.0 0.9398 723.00 367.00 22.00 22.00 -49.9836
2.0 0.9390 189.00 277.00 22.00 22.00 -50.0039
2.0 0.9386 100.00 899.50 22.00 23.00 -50.0075
2.0 0.9384 811.50 455.00 21.00 22.00 -50.1054
2.0 0.9373 811.50 544.00 21.00 22.00 -50.0331
2.0 0.9373 100.00 366.00 22.00 22.00 -50.0662
2.0 0.9371 278.00 544.00 22.00 22.00 -50.0048
2.0 0.9368 812.00 189.00 22.00 22.00 -49.9881
2.0 0.9361 278.00 633.00 22.00 22.00 -50.0234
2.0 0.9359 189.00 455.00 22.00 22.00 -50.0061
2.0 0.9357 278.00 277.00 22.00 22.00 -49.9809
2.0 0.9354 100.50 277.00 21.00 22.00 -50.0105
2.0 0.9354 100.50 722.00 21.00 22.00 -50.0482
2.0 0.9350 545.00 100.00 22.00 22.00 -49.9571
2.0 0.9345 633.50 810.50 21.00 21.00 -50.0833
2.0 0.9341 811.50 632.50 21.00 21.00 -50.0218
2.0 0.9341 278.00 366.00 22.00 22.00 -49.9899
2.0 0.9338 367.00 366.50 22.00 23.00 -50.0055
2.0 0.9338 367.00 277.00 22.00 22.00 -49.9708
2.0 0.9337 100.00 99.50 22.00 21.00 -50.0168
2.0 0.9337 811.50 366.00 21.00 22.00 -50.0790
2.0 0.9336 456.00 189.00 22.00 22.00 -49.9876
2.0 0.9328 367.00 189.00 22.00 22.00 -49.9900
2.0 0.9327 100.00 543.50 22.00 21.00 -50.0049
2.0 0.9327 545.00 367.00 22.00 22.00 -49.9828
2.0 0.9321 456.00 99.00 22.00 22.00 -50.0060
2.0 0.9316 456.00 366.00 22.00 22.00 -50.0182
2.0 0.9313 367.00 455.00 22.00 22.00 -49.9684
2.0 0.9295 812.00 277.00 22.00 22.00 -49.9861
2.0 0.9292 634.00 367.00 22.00 22.00 -49.9778
2.0 0.9291 367.00 99.50 22.00 23.00 -50.0064
2.0 0.9281 189.50 811.00 21.00 22.00 -50.0415
2.0 0.9277 456.00 277.50 22.00 21.00 -50.0037
2.0 0.9261 189.00 544.00 22.00 22.00 -50.0223
2.0 0.9258 100.50 811.00 21.00 22.00 -50.0792
2.0 0.9257 456.00 455.00 22.00 22.00 -50.0686
2.0 0.9228 367.00 544.00 22.00 22.00 -49.9837
2.0 0.9205 545.50 277.50 21.00 21.00 -50.0154
2.0 0.9205 189.00 633.00 22.00 22.00 -50.0260
2.0 0.9195 456.00 544.00 22.00 22.00 -50.0393
2.0 0.9169 100.00 455.00 22.00 22.00 -50.1015
2.0 0.9146 100.50 632.50 21.00 21.00 -50.0047
2.0 0.9137 722.50 278.00 21.00 22.00 -49.7842
2.0 0.9116 367.00 633.00 22.00 22.00 -49.9359
2.0 0.9116 634.00 455.50 22.00 23.00 -49.9828
2.0 0.9113 545.00 455.50 22.00 23.00 -49.9832
2.0 0.9107 633.50 278.00 21.00 22.00 -49.6379
2.0 0.9047 456.00 633.50 22.00 21.00 -50.1300
2.0 0.9024 723.00 456.00 22.00 22.00 -49.8414
2.0 0.9005 633.50 544.00 21.00 22.00 -50.0028
2.0 0.8977 545.00 544.00 22.00 22.00 -50.0758
2.0 0.8961 722.50 633.50 21.00 21.00 -50.0078
2.0 0.8954 545.00 633.00 22.00 22.00 -50.1248
2.0 0.8928 634.00 633.00 20.00 20.00 -50.0069
2.0 0.8854 722.50 544.00 21.00 22.00 -50.0072
