0.0 0.9808 0.3589 0.4453 0.0361 0.0371 -69.9915
0.0 0.9803 0.5327 0.7920 0.0381 0.0371 -69.9808
0.0 0.9795 0.5327 0.2715 0.0361 0.0371 -69.9918
0.0 0.9794 0.5332 0.6182 0.0371 0.0371 -69.9967
0.0 0.9793 0.5327 0.4448 0.0361 0.0381 -69.9022
0.0 0.9786 0.7061 0.7920 0.0371 0.0371 -69.9956
0.0 0.9785 0.3594 0.6187 0.0371 0.0381 -69.9750
0.0 0.9781 0.3589 0.2715 0.0361 0.0371 -69.9951
0.0 0.9774 0.5327 0.0977 0.0361 0.0371 -69.9647
0.0 0.9774 0.7061 0.2715 0.0371 0.0371 -69.9119
0.0 0.9765 0.3589 0.7910 0.0381 0.0371 -69.8933
0.0 0.9761 0.7061 0.4448 0.0371 0.0381 -69.9944
0.0 0.9760 0.1855 0.7910 0.0371 0.0371 -69.9950
0.0 0.9757 0.7061 0.6182 0.0371 0.0371 -69.9989
0.0 0.9756 0.3589 0.5312 0.0361 0.0371 -69.9982
0.0 0.9753 0.7920 0.5312 0.0371 0.0371 -69.9992
0.0 0.9751 0.1855 0.6182 0.0371 0.0371 -69.9986
0.0 0.9746 0.3589 0.3579 0.0361 0.0361 -69.9980
0.0 0.9745 0.6187 0.7056 0.0361 0.0361 -69.9992
0.0 0.9742 0.7925 0.7056 0.0361 0.0361 -69.9994
0.0 0.9741 0.1851 0.4453 0.0361 0.0371 -69.9954
0.0 0.9738 0.4453 0.4443 0.0371 0.0371 -69.9988
0.0 0.9738 0.6182 0.3579 0.0371 0.0361 -69.9903
0.0 0.9738 0.8799 0.7920 0.0371 0.0371 -69.9718
0.0 0.9737 0.7061 0.0972 0.0371 0.0361 -69.9440
0.0 0.9736 0.7920 0.2715 0.0371 0.0371 -69.9579
0.0 0.9735 0.6182 0.5312 0.0371 0.0371 -69.9984
0.0 0.9733 0.6191 0.6182 0.0371 0.0371 -69.9992
0.0 0.9733 0.4443 0.5312 0.0371 0.0371 -69.9977
0.0 0.9732 0.8794 0.4453 0.0361 0.0371 -69.9639
0.0 0.9731 0.7061 0.7051 0.0371 0.0371 -69.9989
0.0 0.9730 0.5327 0.1836 0.0361 0.0371 -69.9855
0.0 0.9729 0.4443 0.7051 0.0371 0.0371 -69.9964
0.0 0.9728 0.5322 0.7051 0.0371 0.0371 -69.9933
0.0 0.9727 0.2710 0.6182 0.0361 0.0371 -69.9994
0.0 0.9727 0.7915 0.3579 0.0361 0.0361 -69.9939
0.0 0.9726 0.4453 0.6182 0.0371 0.0371 -69.9984
0.0 0.9725 0.5322 0.5312 0.0371 0.0371 -69.9986
0.0 0.9724 0.3594 0.7046 0.0371 0.0361 -69.9864
0.0 0.9724 0.7061 0.3574 0.0371 0.0371 -69.9974
0.0 0.9721 0.1846 0.7051 0.0371 0.0371 -69.9993
0.0 0.9720 0.6196 0.7920 0.0361 0.0371 -69.9996
0.0 0.9720 0.7061 0.5312 0.0371 0.0371 -69.9989
0.0 0.9719 0.3589 0.1841 0.0381 0.0381 -69.9856
0.0 0.9719 0.1846 0.5312 0.0371 0.0371 -69.9994
0.0 0.9718 0.6191 0.4443 0.0371 0.0371 -69.9976
0.0 0.9718 0.5327 0.3574 0.0361 0.0371 -69.9928
0.0 0.9718 0.3594 0.0977 0.0371 0.0371 -69.7585
0.0 0.9718 0.7925 0.4443 0.0361 0.0371 -69.9955
0.0 0.9716 0.8789 0.5312 0.0371 0.0371 -69.9983
0.0 0.9715 0.8799 0.6182 0.0371 0.0371 -69.9978
0.0 0.9713 0.7065 0.1836 0.0361 0.0371 -69.9898
0.0 0.9713 0.8794 0.7046 0.0361 0.0361 -69.9995
0.0 0.9712 0.8799 0.0977 0.0371 0.0371 -69.9648
0.0 0.9711 0.4443 0.3584 0.0371 0.0371 -69.9984
0.0 0.9710 0.1851 0.2715 0.0361 0.0371 -69.9947
0.0 0.9706 0.5327 0.8784 0.0361 0.0361 -69.9450
0.0 0.9705 0.4458 0.7910 0.0361 0.0371 -69.9985
0.0 0.9705 0.2715 0.4443 0.0371 0.0371 -69.9991
0.0 0.9705 0.2710 0.5312 0.0361 0.0371 -69.9983
0.0 0.9704 0.8799 0.2710 0.0371 0.0361 -69.9598
0.0 0.9703 0.7925 0.6182 0.0361 0.0371 -69.9996
0.0 0.9702 0.0972 0.4443 0.0361 0.0371 -69.9985
0.0 0.9700 0.1851 0.0977 0.0361 0.0371 -69.9865
0.0 0.9698 0.6191 0.2705 0.0371 0.0371 -69.9989
0.0 0.9697 0.2710 0.3579 0.0361 0.0361 -69.9992
0.0 0.9693 0.2710 0.7051 0.0361 0.0371 -69.9973
0.0 0.9691 0.6177 0.1846 0.0361 0.0371 -69.9857
0.0 0.9691 0.8784 0.3579 0.0361 0.0361 -69.9945
0.0 0.9688 0.7925 0.7915 0.0361 0.0361 -69.9996
0.0 0.9682 0.7915 0.1846 0.0361 0.0371 -69.9645
0.0 0.9682 0.2715 0.2715 0.0371 0.0371 -69.9993
0.0 0.9681 0.6187 0.8784 0.0361 0.0361 -69.9938
0.0 0.9678 0.0972 0.6182 0.0361 0.0371 -69.9995
0.0 0.9678 0.0972 0.2715 0.0361 0.0371 -69.9945
0.0 0.9678 0.1851 0.1841 0.0361 0.0361 -69.9985
0.0 0.9675 0.0977 0.5312 0.0371 0.0371 -69.9991
0.0 0.9675 0.4453 0.2710 0.0371 0.0381 -69.9993
0.0 0.9670 0.6187 0.0977 0.0361 0.0371 -69.9881
0.0 0.9670 0.2710 0.7915 0.0361 0.0361 -69.9966
0.0 0.9666 0.2710 0.0977 0.0361 0.0371 -69.9971
0.0 0.9666 0.1841 0.3579 0.0361 0.0361 -69.9970
0.0 0.9663 0.0972 0.3574 0.0361 0.0371 -69.9974
0.0 0.9662 0.2715 0.1836 0.0371 0.0371 -69.9926
0.0 0.9660 0.8794 0.1846 0.0361 0.0371 -69.9584
0.0 0.9659 0.4448 0.8789 0.0361 0.0371 -69.9976
0.0 0.9654 0.4453 0.0977 0.0371 0.0371 -69.9994
0.0 0.9654 0.8794 0.8789 0.0361 0.0371 -69.9516
0.0 0.9642 0.0977 0.7915 0.0352 0.0361 -69.9986
0.0 0.9642 0.4453 0.1846 0.0371 0.0371 -69.9994
0.0 0.9637 0.7920 0.8784 0.0371 0.0361 -69.9188
0.0 0.9636 0.0972 0.0981 0.0361 0.0361 -69.9945
0.0 0.9636 0.0981 0.7046 0.0361 0.0361 -69.9996
0.0 0.9635 0.7925 0.0972 0.0361 0.0361 -69.9898
0.0 0.9627 0.2715 0.8784 0.0371 0.0361 -69.9975
0.0 0.9626 0.1846 0.8789 0.0371 0.0371 -69.9923
0.0 0.9626 0.0977 0.1841 0.0371 0.0361 -69.9978
0.0 0.9625 0.3594 0.8784 0.0371 0.0361 -69.7536
0.0 0.9617 0.0972 0.8784 0.0361 0.0361 -69.9939
0.0 0.9567 0.7056 0.8794 0.0361 0.0361 -69.9667
1.0 0.6610 0.7925 0.8789 0.0381 0.0371 -64.1229
1.0 0.6308 0.7051 0.8789 0.0391 0.0371 -64.3103
1.0 0.4864 0.7056 0.0972 0.0381 0.0381 -64.5830
