8.0 0.9838 0.3584 0.6172 0.0430 0.0430 10.0100
9.0 0.9821 0.5322 0.3574 0.0430 0.0410 19.9855
8.0 0.9816 0.8789 0.4438 0.0430 0.0439 10.0114
9.0 0.9808 0.7051 0.3579 0.0430 0.0420 19.9909
8.0 0.9788 0.1846 0.2705 0.0430 0.0430 10.0063
8.0 0.9788 0.2705 0.7915 0.0430 0.0420 10.0211
8.0 0.9787 0.4458 0.6177 0.0439 0.0439 10.0144
8.0 0.9787 0.4443 0.7910 0.0430 0.0430 10.0314
8.0 0.9786 0.2715 0.4438 0.0430 0.0420 10.0118
8.0 0.9786 0.6182 0.6172 0.0430 0.0430 10.0488
8.0 0.9785 0.0977 0.4448 0.0430 0.0420 10.0006
8.0 0.9779 0.1846 0.7910 0.0430 0.0430 10.0763
8.0 0.9775 0.6191 0.4438 0.0430 0.0439 10.0252
8.0 0.9771 0.2715 0.0972 0.0430 0.0420 10.0103
8.0 0.9770 0.0977 0.0977 0.0430 0.0430 10.0005
8.0 0.9765 0.8789 0.0967 0.0430 0.0430 10.0008
8.0 0.9765 0.7920 0.2705 0.0430 0.0430 10.0142
9.0 0.9759 0.8784 0.3579 0.0439 0.0420 19.9867
8.0 0.9756 0.3589 0.7041 0.0439 0.0430 10.0285
9.0 0.9752 0.7051 0.5312 0.0449 0.0410 19.9596
9.0 0.9750 0.7056 0.7046 0.0439 0.0420 19.9515
8.0 0.9747 0.1851 0.0967 0.0439 0.0430 10.0016
8.0 0.9744 0.0977 0.1841 0.0430 0.0439 10.0049
8.0 0.9742 0.8789 0.8789 0.0430 0.0430 10.0088
9.0 0.9722 0.6187 0.5308 0.0439 0.0420 19.9372
8.0 0.9716 0.0972 0.5317 0.0420 0.0420 10.0087
8.0 0.9714 0.0986 0.8789 0.0430 0.0430 10.0003
8.0 0.9713 0.1846 0.7046 0.0430 0.0420 10.1576
8.0 0.9712 0.2715 0.6182 0.0430 0.0430 10.0014
8.0 0.9704 0.2720 0.2700 0.0439 0.0439 10.0366
8.0 0.9700 0.7925 0.0972 0.0420 0.0439 10.0040
8.0 0.9696 0.6187 0.0967 0.0439 0.0430 10.0181
8.0 0.9694 0.5322 0.6172 0.0430 0.0430 10.1568
8.0 0.9674 0.8794 0.1841 0.0420 0.0420 10.0622
8.0 0.9671 0.7920 0.1846 0.0430 0.0430 10.0520
9.0 0.9670 0.7051 0.0967 0.0449 0.0410 19.9366
9.0 0.9670 0.4458 0.5308 0.0439 0.0420 19.8618
9.0 0.9665 0.8794 0.5308 0.0439 0.0420 19.8326
8.0 0.9662 0.2710 0.7051 0.0420 0.0430 10.0016
9.0 0.9659 0.6187 0.7920 0.0420 0.0410 19.9004
9.0 0.9658 0.6191 0.2705 0.0430 0.0410 19.8381
8.0 0.9648 0.0986 0.6177 0.0430 0.0420 10.0553
8.0 0.9646 0.2720 0.1841 0.0439 0.0439 10.0265
8.0 0.9638 0.8784 0.2700 0.0439 0.0439 10.1577
8.0 0.9637 0.7061 0.7910 0.0430 0.0430 10.2168
8.0 0.9631 0.0977 0.2700 0.0430 0.0420 10.1100
8.0 0.9620 0.2715 0.5308 0.0430 0.0420 10.1670
8.0 0.9604 0.2715 0.8789 0.0430 0.0430 10.0191
8.0 0.9580 0.7061 0.1841 0.0430 0.0420 10.1128
8.0 0.9580 0.3579 0.0967 0.0439 0.0430 10.1477
8.0 0.9580 0.1846 0.8789 0.0430 0.0430 10.0036
8.0 0.9569 0.1846 0.3574 0.0430 0.0430 10.0206
8.0 0.9568 0.5322 0.7910 0.0430 0.0430 10.2955
8.0 0.9555 0.6187 0.1846 0.0439 0.0430 10.1039
9.0 0.9554 0.7056 0.8784 0.0439 0.0420 19.7286
8.0 0.9544 0.0981 0.7046 0.0439 0.0420 10.0238
8.0 0.9535 0.7915 0.8789 0.0420 0.0430 10.1052
8.0 0.9516 0.0972 0.7915 0.0439 0.0420 10.2340
9.0 0.9513 0.4453 0.2710 0.0430 0.0420 19.5292
8.0 0.9512 0.7920 0.7910 0.0430 0.0430 10.3362
8.0 0.9497 0.4448 0.1846 0.0439 0.0430 10.0774
8.0 0.9482 0.4448 0.3584 0.0439 0.0430 10.0628
8.0 0.9433 0.2715 0.3574 0.0430 0.0430 10.1557
9.0 0.9410 0.3589 0.7920 0.0439 0.0410 19.7573
8.0 0.9397 0.3584 0.5312 0.0430 0.0430 10.0629
8.0 0.9360 0.0981 0.3574 0.0439 0.0430 10.3218
9.0 0.9350 0.6187 0.7046 0.0439 0.0420 19.6927
8.0 0.9332 0.7920 0.4438 0.0430 0.0420 10.4264
8.0 0.9332 0.4458 0.4438 0.0439 0.0439 10.5437
8.0 0.9298 0.6187 0.3574 0.0439 0.0430 10.3305
8.0 0.9289 0.5312 0.7046 0.0430 0.0420 10.3415
9.0 0.9224 0.7056 0.6182 0.0439 0.0410 19.5845
8.0 0.9220 0.4448 0.7051 0.0439 0.0430 10.4179
9.0 0.9213 0.7925 0.6182 0.0420 0.0410 19.1269
9.0 0.9203 0.7925 0.5312 0.0439 0.0430 19.3992
9.0 0.9162 0.8794 0.7046 0.0439 0.0420 19.2477
9.0 0.9153 0.7056 0.4443 0.0439 0.0410 19.5541
8.0 0.9135 0.4453 0.0962 0.0449 0.0439 10.7503
9.0 0.9130 0.8784 0.7910 0.0439 0.0410 19.5004
8.0 0.9123 0.1841 0.1841 0.0439 0.0420 10.7560
8.0 0.9118 0.5312 0.8784 0.0430 0.0420 10.6260
8.0 0.9103 0.7920 0.7041 0.0430 0.0430 10.6540
9.0 0.9078 0.4453 0.0972 0.0430 0.0420 18.9119
8.0 0.9070 0.6182 0.8784 0.0430 0.0420 10.6891
9.0 0.9044 0.5327 0.5308 0.0439 0.0420 19.0374
8.0 0.9017 0.8789 0.7910 0.0430 0.0410 10.8498
8.0 0.9015 0.3584 0.1841 0.0449 0.0439 10.2248
9.0 0.8998 0.7925 0.3579 0.0439 0.0420 19.0767
8.0 0.8953 0.1846 0.4434 0.0430 0.0410 10.9907
8.0 0.8952 0.7056 0.2700 0.0439 0.0420 10.8464
9.0 0.8926 0.8789 0.6187 0.0430 0.0420 19.0430
8.0 0.8910 0.3579 0.4448 0.0439 0.0439 10.2679
9.0 0.8864 0.8789 0.2705 0.0449 0.0410 19.3996
8.0 0.8850 0.1846 0.5312 0.0430 0.0430 10.3274
8.0 0.8766 0.3569 0.8784 0.0439 0.0420 10.9161
8.0 0.8658 0.4448 0.8784 0.0439 0.0420 11.1346
8.0 0.8606 0.3579 0.3579 0.0439 0.0439 10.2959
8.0 0.8488 0.5322 0.1841 0.0430 0.0439 11.4010
9.0 0.8481 0.5327 0.0972 0.0439 0.0420 19.0369
9.0 0.8479 0.5322 0.4448 0.0430 0.0420 18.4555
9.0 0.8383 0.1846 0.6172 0.0430 0.0410 18.4367
9.0 0.8347 0.6187 0.8784 0.0439 0.0420 18.4544
8.0 0.8306 0.5317 0.0967 0.0439 0.0430 11.4602
8.0 0.8027 0.8779 0.7041 0.0430 0.0430 12.0012
9.0 0.7989 0.5317 0.1841 0.0420 0.0420 17.7916
8.0 0.7961 0.5322 0.2705 0.0430 0.0430 11.4083
9.0 0.7920 0.7925 0.7046 0.0420 0.0420 18.1176
9.0 0.7730 0.7056 0.2705 0.0439 0.0410 18.5013
8.0 0.7702 0.7920 0.6177 0.0430 0.0420 12.5994
8.0 0.7505 0.7051 0.0967 0.0449 0.0430 12.1835
9.0 0.7502 0.3584 0.8784 0.0430 0.0420 17.2538
9.0 0.7439 0.6187 0.3579 0.0439 0.0420 17.2102
8.0 0.7403 0.7051 0.4438 0.0430 0.0420 12.8621
9.0 0.7352 0.4453 0.8784 0.0430 0.0420 17.4370
9.0 0.7259 0.5322 0.8779 0.0449 0.0410 17.1857
8.0 0.7066 0.7051 0.6172 0.0430 0.0410 13.2437
8.0 0.7055 0.7920 0.3579 0.0430 0.0420 13.6895
9.0 0.7038 0.3589 0.3574 0.0439 0.0410 16.9722
9.0 0.7032 0.7056 0.7910 0.0439 0.0410 17.6233
8.0 0.6965 0.7046 0.8784 0.0439 0.0420 13.2192
8.0 0.6950 0.3584 0.2705 0.0430 0.0410 13.5026
9.0 0.6927 0.7925 0.4438 0.0420 0.0420 16.3836
9.0 0.6765 0.3589 0.2710 0.0439 0.0420 17.5991
8.0 0.6511 0.5322 0.5312 0.0430 0.0430 13.9044
8.0 0.6493 0.5317 0.4438 0.0439 0.0420 14.0043
9.0 0.6477 0.6191 0.6177 0.0430 0.0420 16.0805
9.0 0.6434 0.3589 0.0977 0.0439 0.0410 17.0992
8.0 0.6384 0.8789 0.6172 0.0430 0.0410 13.9102
8.0 0.6218 0.1846 0.6172 0.0430 0.0430 13.2621
9.0 0.5528 0.4458 0.7046 0.0439 0.0420 15.6253
9.0 0.5452 0.1851 0.5308 0.0439 0.0420 15.6722
8.0 0.5387 0.4458 0.2710 0.0439 0.0420 14.8697
9.0 0.5375 0.5317 0.7910 0.0439 0.0410 15.8227
9.0 0.5312 0.0981 0.7915 0.0439 0.0420 16.5925
9.0 0.5183 0.3589 0.4443 0.0439 0.0410 15.9022
9.0 0.4795 0.5327 0.2710 0.0439 0.0439 17.6541
