8.0 0.9838 367.00 632.00 44.00 44.00 10.0100
9.0 0.9821 545.00 366.00 44.00 42.00 19.9855
8.0 0.9816 900.00 454.50 44.00 45.00 10.0114
9.0 0.9808 722.00 366.50 44.00 43.00 19.9909
8.0 0.9788 189.00 277.00 44.00 44.00 10.0063
8.0 0.9788 277.00 810.50 44.00 43.00 10.0211
8.0 0.9787 456.50 632.50 45.00 45.00 10.0144
8.0 0.9787 455.00 810.00 44.00 44.00 10.0314
8.0 0.9786 278.00 454.50 44.00 43.00 10.0118
8.0 0.9786 633.00 632.00 44.00 44.00 10.0488
8.0 0.9785 100.00 455.50 44.00 43.00 10.0006
8.0 0.9779 189.00 810.00 44.00 44.00 10.0763
8.0 0.9775 634.00 454.50 44.00 45.00 10.0252
8.0 0.9771 278.00 99.50 44.00 43.00 10.0103
8.0 0.9770 100.00 100.00 44.00 44.00 10.0005
8.0 0.9765 900.00 99.00 44.00 44.00 10.0008
8.0 0.9765 811.00 277.00 44.00 44.00 10.0142
9.0 0.9759 899.50 366.50 45.00 43.00 19.9867
8.0 0.9756 367.50 721.00 45.00 44.00 10.0285
9.0 0.9752 722.00 544.00 46.00 42.00 19.9596
9.0 0.9750 722.50 721.50 45.00 43.00 19.9515
8.0 0.9747 189.50 99.00 45.00 44.00 10.0016
8.0 0.9744 100.00 188.50 44.00 45.00 10.0049
8.0 0.9742 900.00 900.00 44.00 44.00 10.0088
9.0 0.9722 633.50 543.50 45.00 43.00 19.9372
8.0 0.9716 99.50 544.50 43.00 43.00 10.0087
8.0 0.9714 101.00 900.00 44.00 44.00 10.0003
8.0 0.9713 189.00 721.50 44.00 43.00 10.1576
8.0 0.9712 278.00 633.00 44.00 44.00 10.0014
8.0 0.9704 278.50 276.50 45.00 45.00 10.0366
8.0 0.9700 811.50 99.50 43.00 45.00 10.0040
8.0 0.9696 633.50 99.00 45.00 44.00 10.0181
8.0 0.9694 545.00 632.00 44.00 44.00 10.1568
8.0 0.9674 900.50 188.50 43.00 43.00 10.0622
8.0 0.9671 811.00 189.00 44.00 44.00 10.0520
9.0 0.9670 722.00 99.00 46.00 42.00 19.9366
9.0 0.9670 456.50 543.50 45.00 43.00 19.8618
9.0 0.9665 900.50 543.50 45.00 43.00 19.8326
8.0 0.9662 277.50 722.00 43.00 44.00 10.0016
9.0 0.9659 633.50 811.00 43.00 42.00 19.9004
9.0 0.9658 634.00 277.00 44.00 42.00 19.8381
8.0 0.9648 101.00 632.50 44.00 43.00 10.0553
8.0 0.9646 278.50 188.50 45.00 45.00 10.0265
8.0 0.9638 899.50 276.50 45.00 45.00 10.1577
8.0 0.9637 723.00 810.00 44.00 44.00 10.2168
8.0 0.9631 100.00 276.50 44.00 43.00 10.1100
8.0 0.9620 278.00 543.50 44.00 43.00 10.1670
8.0 0.9604 278.00 900.00 44.00 44.00 10.0191
8.0 0.9580 723.00 188.50 44.00 43.00 10.1128
8.0 0.9580 366.50 99.00 45.00 44.00 10.1477
8.0 0.9580 189.00 900.00 44.00 44.00 10.0036
8.0 0.9569 189.00 366.00 44.00 44.00 10.0206
8.0 0.9568 545.00 810.00 44.00 44.00 10.2955
8.0 0.9555 633.50 189.00 45.00 44.00 10.1039
9.0 0.9554 722.50 899.50 45.00 43.00 19.7286
8.0 0.9544 100.50 721.50 45.00 43.00 10.0238
8.0 0.9535 810.50 900.00 43.00 44.00 10.1052
8.0 0.9516 99.50 810.50 45.00 43.00 10.2340
9.0 0.9513 456.00 277.50 44.00 43.00 19.5292
8.0 0.9512 811.00 810.00 44.00 44.00 10.3362
8.0 0.9497 455.50 189.00 45.00 44.00 10.0774
8.0 0.9482 455.50 367.00 45.00 44.00 10.0628
8.0 0.9433 278.00 366.00 44.00 44.00 10.1557
9.0 0.9410 367.50 811.00 45.00 42.00 19.7573
8.0 0.9397 367.00 544.00 44.00 44.00 10.0629
8.0 0.9360 100.50 366.00 45.00 44.00 10.3218
9.0 0.9350 633.50 721.50 45.00 43.00 19.6927
8.0 0.9332 811.00 454.50 44.00 43.00 10.4264
8.0 0.9332 456.50 454.50 45.00 45.00 10.5437
8.0 0.9298 633.50 366.00 45.00 44.00 10.3305
8.0 0.9289 544.00 721.50 44.00 43.00 10.3415
9.0 0.9224 722.50 633.00 45.00 42.00 19.5845
8.0 0.9220 455.50 722.00 45.00 44.00 10.4179
9.0 0.9213 811.50 633.00 43.00 42.00 19.1269
9.0 0.9203 811.50 544.00 45.00 44.00 19.3992
9.0 0.9162 900.50 721.50 45.00 43.00 19.2477
9.0 0.9153 722.50 455.00 45.00 42.00 19.5541
8.0 0.9135 456.00 98.50 46.00 45.00 10.7503
9.0 0.9130 899.50 810.00 45.00 42.00 19.5004
8.0 0.9123 188.50 188.50 45.00 43.00 10.7560
8.0 0.9118 544.00 899.50 44.00 43.00 10.6260
8.0 0.9103 811.00 721.00 44.00 44.00 10.6540
9.0 0.9078 456.00 99.50 44.00 43.00 18.9119
8.0 0.9070 633.00 899.50 44.00 43.00 10.6891
9.0 0.9044 545.50 543.50 45.00 43.00 19.0374
8.0 0.9017 900.00 810.00 44.00 42.00 10.8498
8.0 0.9015 367.00 188.50 46.00 45.00 10.2248
9.0 0.8998 811.50 366.50 45.00 43.00 19.0767
8.0 0.8953 189.00 454.00 44.00 42.00 10.9907
8.0 0.8952 722.50 276.50 45.00 43.00 10.8464
9.0 0.8926 900.00 633.50 44.00 43.00 19.0430
8.0 0.8910 366.50 455.50 45.00 45.00 10.2679
9.0 0.8864 900.00 277.00 46.00 42.00 19.3996
8.0 0.8850 189.00 544.00 44.00 44.00 10.3274
8.0 0.8766 365.50 899.50 45.00 43.00 10.9161
8.0 0.8658 455.50 899.50 45.00 43.00 11.1346
8.0 0.8606 366.50 366.50 45.00 45.00 10.2959
8.0 0.8488 545.00 188.50 44.00 45.00 11.4010
9.0 0.8481 545.50 99.50 45.00 43.00 19.0369
9.0 0.8479 545.00 455.50 44.00 43.00 18.4555
9.0 0.8383 189.00 632.00 44.00 42.00 18.4367
9.0 0.8347 633.50 899.50 45.00 43.00 18.4544
8.0 0.8306 544.50 99.00 45.00 44.00 11.4602
8.0 0.8027 899.00 721.00 44.00 44.00 12.0012
9.0 0.7989 544.50 188.50 43.00 43.00 17.7916
8.0 0.7961 545.00 277.00 44.00 44.00 11.4083
9.0 0.7920 811.50 721.50 43.00 43.00 18.1176
9.0 0.7730 722.50 277.00 45.00 42.00 18.5013
8.0 0.7702 811.00 632.50 44.00 43.00 12.5994
8.0 0.7505 722.00 99.00 46.00 44.00 12.1835
9.0 0.7502 367.00 899.50 44.00 43.00 17.2538
9.0 0.7439 633.50 366.50 45.00 43.00 17.2102
8.0 0.7403 722.00 454.50 44.00 43.00 12.8621
9.0 0.7352 456.00 899.50 44.00 43.00 17.4370
9.0 0.7259 545.00 899.00 46.00 42.00 17.1857
8.0 0.7066 722.00 632.00 44.00 42.00 13.2437
8.0 0.7055 811.00 366.50 44.00 43.00 13.6895
9.0 0.7038 367.50 366.00 45.00 42.00 16.9722
9.0 0.7032 722.50 810.00 45.00 42.00 17.6233
8.0 0.6965 721.50 899.50 45.00 43.00 13.2192
8.0 0.6950 367.00 277.00 44.00 42.00 13.5026
9.0 0.6927 811.50 454.50 43.00 43.00 16.3836
9.0 0.6765 367.50 277.50 45.00 43.00 17.5991
8.0 0.6511 545.00 544.00 44.00 44.00 13.9044
8.0 0.6493 544.50 454.50 45.00 43.00 14.0043
9.0 0.6477 634.00 632.50 44.00 43.00 16.0805
9.0 0.6434 367.50 100.00 45.00 42.00 17.0992
8.0 0.6384 900.00 632.00 44.00 42.00 13.9102
8.0 0.6218 189.00 632.00 44.00 44.00 13.2621
9.0 0.5528 456.50 721.50 45.00 43.00 15.6253
9.0 0.5452 189.50 543.50 45.00 43.00 15.6722
8.0 0.5387 456.50 277.50 45.00 43.00 14.8697
9.0 0.5375 544.50 810.00 45.00 42.00 15.8227
9.0 0.5312 100.50 810.50 45.00 43.00 16.5925
9.0 0.5183 367.50 455.00 45.00 42.00 15.9022
9.0 0.4795 545.50 277.50 45.00 45.00 17.6541
