9.0 0.9882 0.4726 0.1092 0.0325 0.0302 20.0000
9.0 0.9834 0.5754 0.1556 0.0319 0.0305 20.0000
9.0 0.9833 0.4514 0.5452 0.0327 0.0307 20.0000
0.0 0.9830 0.5545 0.1440 0.0275 0.0273 -69.9999
9.0 0.9813 0.3279 0.1498 0.0321 0.0307 20.0000
9.0 0.9805 0.1415 0.4079 0.0324 0.0305 20.0000
9.0 0.9804 0.3248 0.5223 0.0322 0.0304 20.0000
1.0 0.9768 0.1544 0.4512 0.0218 0.0217 -60.0024
7.0 0.9737 0.3259 0.2946 0.0221 0.0222 0.0174
1.0 0.9692 0.3657 0.3315 0.0219 0.0217 -60.0465
0.0 0.9678 0.2744 0.1806 0.0270 0.0271 -70.0000
7.0 0.9674 0.0981 0.4119 0.0213 0.0221 0.2554
3.0 0.9563 0.3685 0.3947 0.0126 0.0126 -40.0212
2.0 0.9555 0.5277 0.2201 0.0169 0.0171 -50.3601
7.0 0.9510 0.0591 0.3169 0.0218 0.0219 0.4043
5.0 0.9369 0.2846 0.3277 0.0108 0.0111 -19.9890
3.0 0.9313 0.1844 0.1727 0.0128 0.0127 -40.0004
3.0 0.9275 0.3354 0.1768 0.0119 0.0123 -40.0334
2.0 0.9251 0.5789 0.2287 0.0170 0.0170 -50.3488
2.0 0.9237 0.5391 0.4419 0.0167 0.0170 -50.0887
3.0 0.9233 0.4227 0.2116 0.0125 0.0126 -40.0016
5.0 0.9232 0.2268 0.1914 0.0109 0.0109 -19.8280
3.0 0.9219 0.0533 0.5372 0.0082 0.0086 -39.9838
2.0 0.9144 0.2959 0.4684 0.0172 0.0175 -50.1355
3.0 0.9093 0.4715 0.3927 0.0122 0.0126 -40.0865
4.0 0.8949 0.5814 0.0457 0.0082 0.0085 -30.4424
6.0 0.8908 0.4447 0.2303 0.0170 0.0170 -9.0663
5.0 0.8902 0.3560 0.2049 0.0112 0.0117 -19.5615
4.0 0.8859 0.1658 0.0413 0.0087 0.0087 -30.1386
2.0 0.8727 0.2383 0.2686 0.0167 0.0173 -51.6826
7.0 0.8721 0.3016 0.1226 0.0169 0.0172 -2.4471
4.0 0.8621 0.2455 0.5595 0.0080 0.0083 -30.1796
7.0 0.8590 0.4890 0.2971 0.0167 0.0171 -2.6760
6.0 0.8034 0.5611 0.2733 0.0170 0.0171 -7.1754
4.0 0.7826 0.4966 0.1837 0.0083 0.0084 -33.9169
4.0 0.7713 0.3244 0.0659 0.0083 0.0084 -34.6134
6.0 0.6751 0.3017 0.1226 0.0172 0.0173 -5.5290
6.0 0.6556 0.4470 0.1569 0.0172 0.0172 -6.3856
3.0 0.6424 0.3242 0.0656 0.0087 0.0093 -37.8605
7.0 0.5395 0.4472 0.1567 0.0166 0.0171 -4.7716
