483.95 111.84 33.30 30.94 
589.21 159.38 32.69 31.23 
462.23 558.30 33.44 31.41 
567.86 147.43 28.18 28.01 
335.75 153.44 32.86 31.40 
144.88 417.64 33.18 31.23 
332.59 534.81 32.92 31.16 
158.15 462.06 22.31 22.19 
333.68 301.67 22.67 22.70 
374.49 339.44 22.44 22.19 
280.96 184.92 27.61 27.75 
100.41 421.82 21.82 22.61 
377.33 404.16 12.91 12.94 
540.33 225.35 17.33 17.49 
60.52 324.52 22.34 22.44 
291.40 335.59 11.08 11.39 
188.79 176.80 13.11 13.01 
343.47 181.01 12.19 12.59 
592.76 234.16 17.40 17.38 
552.09 452.55 17.07 17.43 
432.89 216.63 12.75 12.93 
232.29 195.98 11.16 11.13 
54.61 550.07 8.39 8.86 
303.05 479.69 17.60 17.89 
482.82 402.16 12.44 12.88 
595.39 46.78 8.38 8.72 
455.35 235.83 17.45 17.36 
364.50 209.83 11.45 12.01 
169.75 42.32 8.91 8.88 
244.01 275.05 17.12 17.67 
308.85 125.54 17.33 17.60 
251.35 572.95 8.23 8.49 
500.71 304.21 17.06 17.56 
574.59 279.86 17.44 17.47 
508.48 188.06 8.53 8.56 
332.18 67.50 8.46 8.60 
308.94 125.58 17.59 17.76 
457.74 160.62 17.59 17.61 
331.95 67.17 8.89 9.52 
457.95 160.43 17.05 17.51 
