235.90 184.19 31.29 29.88 
197.80 160.42 32.80 31.37 
77.84 106.56 32.55 31.02 
165.20 75.40 22.23 22.69 
358.01 52.64 33.39 32.21 
136.40 323.42 23.13 23.15 
367.43 426.89 27.85 27.74 
539.92 300.87 32.58 31.86 
398.83 189.93 32.74 31.61 
276.84 547.42 27.52 27.44 
481.65 586.79 27.91 28.36 
65.23 355.49 22.59 22.60 
110.02 300.86 22.63 22.38 
244.90 37.33 27.06 27.50 
252.76 442.05 22.34 21.77 
436.45 448.76 22.71 22.67 
43.49 557.41 22.19 22.29 
77.24 312.58 27.18 28.06 
341.17 189.88 27.82 28.16 
448.92 182.09 27.79 27.53 
586.20 157.58 27.30 27.91 
333.15 291.72 22.84 23.37 
426.25 97.60 27.44 27.50 
572.95 199.38 27.66 27.31 
84.54 436.10 32.68 31.29 
544.07 594.72 22.59 22.42 
346.39 584.31 27.52 27.68 
451.45 240.74 22.80 22.94 
442.47 526.20 27.60 27.64 
544.72 423.16 27.65 27.74 
556.40 77.92 27.14 26.90 
97.34 280.88 27.68 28.07 
546.93 494.45 22.80 22.50 
47.72 601.22 27.51 27.49 
46.53 220.00 27.64 27.57 
55.35 145.00 28.20 27.46 
193.78 215.10 22.62 22.90 
125.85 178.12 22.40 21.67 
370.25 468.56 16.96 17.16 
242.01 453.39 22.88 22.98 
77.08 151.06 22.46 22.37 
543.30 189.28 27.43 27.34 
497.10 411.63 16.94 16.89 
325.41 129.33 17.48 17.76 
110.72 66.07 18.01 17.82 
141.40 154.75 17.52 17.37 
242.26 89.75 12.36 12.65 
240.93 261.28 22.73 22.79 
86.90 237.09 26.60 26.86 
599.72 597.48 17.40 17.68 
522.10 336.67 17.75 17.65 
229.44 376.76 12.98 12.98 
475.78 502.35 12.54 12.58 
236.83 118.03 17.29 17.38 
154.55 423.67 17.76 17.49 
533.07 508.55 26.81 25.54 
181.75 246.66 17.09 17.72 
525.32 91.08 13.25 12.52 
591.40 492.93 17.68 17.88 
291.53 265.13 11.21 11.63 
339.32 57.28 12.09 11.72 
170.01 476.77 22.49 22.75 
195.15 61.97 11.44 11.78 
134.70 174.16 24.17 25.12 
537.16 187.36 24.02 25.84 
88.44 139.58 16.83 17.59 
529.37 518.19 28.95 29.35 
237.78 536.79 17.58 17.75 
352.11 361.35 11.14 11.63 
348.89 252.55 12.74 12.93 
116.41 418.36 12.92 13.00 
507.14 319.31 17.57 17.31 
134.44 446.22 10.96 10.97 
154.73 141.78 32.83 31.87 
288.27 386.80 8.49 8.79 
80.15 510.72 8.38 8.50 
180.11 103.18 10.76 11.04 
354.62 333.74 17.23 17.76 
316.29 206.63 17.44 17.29 
470.11 235.43 11.66 11.77 
324.07 244.99 8.49 8.43 
450.65 352.78 12.13 11.52 
174.26 459.85 29.71 27.49 
545.34 505.57 41.44 32.63 
238.25 196.19 12.55 12.17 
183.73 231.56 16.76 17.69 
533.14 508.26 25.12 23.86 
451.18 346.62 17.72 18.81 
150.76 134.52 22.40 21.02 
414.01 134.43 17.52 17.57 
185.33 459.73 21.56 23.08 
513.84 379.18 8.81 8.98 
513.46 379.27 8.68 8.67 
444.66 224.99 9.03 8.83 
445.11 224.74 8.68 9.09 
254.17 46.20 8.75 8.55 
179.77 459.96 24.87 24.63 
88.74 241.74 19.38 19.63 
526.53 504.69 17.25 20.28 
505.54 315.18 9.70 33.32 
